nColumns=49
nRows=48
DataType=double
version=3
OpenSimVersion=4.3-2021-06-17-d472a7585
endheader
time	femur_distal_r_T11	femur_distal_r_T12	femur_distal_r_T13	femur_distal_r_T14	femur_distal_r_T21	femur_distal_r_T22	femur_distal_r_T23	femur_distal_r_T24	femur_distal_r_T31	femur_distal_r_T32	femur_distal_r_T33	femur_distal_r_T34	femur_distal_r_T41	femur_distal_r_T42	femur_distal_r_T43	femur_distal_r_T44	tibia_proximal_r_T11	tibia_proximal_r_T12	tibia_proximal_r_T13	tibia_proximal_r_T14	tibia_proximal_r_T21	tibia_proximal_r_T22	tibia_proximal_r_T23	tibia_proximal_r_T24	tibia_proximal_r_T31	tibia_proximal_r_T32	tibia_proximal_r_T33	tibia_proximal_r_T34	tibia_proximal_r_T41	tibia_proximal_r_T42	tibia_proximal_r_T43	tibia_proximal_r_T44	patella_r_T11	patella_r_T12	patella_r_T13	patella_r_T14	patella_r_T21	patella_r_T22	patella_r_T23	patella_r_T24	patella_r_T31	patella_r_T32	patella_r_T33	patella_r_T34	patella_r_T41	patella_r_T42	patella_r_T43	patella_r_T44
1	-0.9695262330557002	0.2446008745838665	-0.01373720237861032	0.1232429785360965	0.01324028349078787	-0.003675901138134062	-0.999905138703942	0.127792511953366	-0.2446282008689817	-0.9696169904755439	0.0003251716947309177	0.11099271022983	0	0	0	1	-0.9785219478692808	-0.1970577056824452	-0.06049473761112108	0.1218687030281635	0.06046629672395493	0.00616298513747264	-0.9981497577261337	0.1295235591891814	0.1970659118099027	-0.9803709918864019	0.005884762064729321	0.1102915047141937	0	0	0	1	-0.9851671874924255	-0.1701194901926347	-0.0224739874937678	0.07070824239845741	0.04492535232025628	-0.129299537571965	-0.9905872852675103	0.1259913719838932	0.1656123869415989	-0.9769038551687153	0.1350247789656363	0.1001898034137702	0	0	0	1
2	-0.9688823716460973	0.2470115533194969	-0.01586374261081581	0.1226188299029717	0.01517964275509144	-0.004673784600693206	-0.9998734110921158	0.1274878126290354	-0.2470544610197291	-0.9690013707830429	0.0007786743643359781	0.1112166366952049	0	0	0	1	-0.9697815660611973	-0.2411910941328962	-0.0367031632593884	0.1215960791416806	0.03556336197588572	0.009075627495105584	-0.9993247771818869	0.1293056997069917	0.2413613691370951	-0.9704336621240568	-0.0002237611733743317	0.1101841063371292	0	0	0	1	-0.9907111349966568	-0.1352131296956859	-0.01445587222550612	0.06982761729705089	0.0363509053750109	-0.1608959696665764	-0.9863016257135995	0.1259114013042377	0.1310350944342079	-0.9776656126233417	0.1643169852910992	0.1028033673038534	0	0	0	1
3	-0.9675944428383982	0.2515612121262506	-0.0218487502842701	0.1213521896671428	0.0210752520322551	-0.005769022718296284	-0.9997607996181217	0.1272535088045617	-0.2516271175579333	-0.9678243039135089	0.0002802326192844311	0.1111389144165275	0	0	0	1	-0.9566508672188062	-0.2875639934895175	-0.04607243359481265	0.1206248323741021	0.05186246153446319	-0.01254772481814093	-0.9985739585636674	0.1285140642546692	0.2865759104180978	-0.9576776637977991	0.02691770222502492	0.1103115227579798	0	0	0	1	-0.9835644895046378	-0.1787854307885674	-0.02523432104921177	0.06919356915952211	0.0537320807913444	-0.156399329170336	-0.9862311690057666	0.1254378786738519	0.1723771904302958	-0.9713779764726189	0.1634357705796047	0.1048475993276554	0	0	0	1
4	-0.967443414120347	0.252194474294983	-0.02122745938165575	0.1204439906009016	0.01988893411232434	-0.007855893173315344	-0.9997708838181957	0.1271107797645626	-0.2523034861541348	-0.9676447904023188	0.002584126536185827	0.11120921894489	0	0	0	1	-0.9522273882337249	-0.3051743104914274	-0.01132282964461127	0.1206696331880553	0.01581348509464263	-0.01224938572042811	-0.9997985044364394	0.1286207225655605	0.3049742347897764	-0.9522161499641326	0.01649019731338294	0.109921671554804	0	0	0	1	-0.9818735101504821	-0.1889390616489113	0.01505187586858907	0.06871169925492765	0.005430713463312838	-0.1074243690963917	-0.9941983467000787	0.1249094675973929	0.1894599026638072	-0.9760953793101856	0.1065036583123396	0.106589886327725	0	0	0	1
5	-0.9672787167867443	0.2520218539270347	-0.02926236475130848	0.1190977688136618	0.02901399293890948	-0.004702479859284145	-0.9995674959566803	0.1269588024845298	-0.2520504921947541	-0.9677102252955552	-0.002763676613603126	0.1111868578244968	0	0	0	1	-0.9409439822388459	-0.3380348065833435	-0.01880144875490943	0.1194274157142734	0.02199120959496667	-0.005610748948616781	-0.9997409960020247	0.1283644843314134	0.3378419128644671	-0.9411152918327056	0.01271333903947443	0.1097555865977829	0	0	0	1	-0.9767958472847474	-0.2115723943929957	-0.0332730120279674	0.06698740981814164	0.05965445899594165	-0.1195589888144696	-0.991033214647556	0.1249148952953313	0.2056972424474925	-0.970022125380499	0.1294063944253242	0.108519216641505	0	0	0	1
6	-0.9666883156759998	0.2543948728226064	-0.0282199709357984	0.1175827345974295	0.02741977562071977	-0.006691865495987152	-0.9996011601840002	0.1266958618210003	-0.254482287381451	-0.9670773888024548	-0.0005066276293608646	0.1110689586739022	0	0	0	1	-0.929265390526991	-0.3683661926718464	-0.02772765509275767	0.1188445700034959	0.03144577121641758	-0.00409513330856065	-0.9994956389730194	0.1284373506078474	0.3680670408229904	-0.9296701465931853	0.01538919649977807	0.1096170832986461	0	0	0	1	-0.8684228721147077	-0.3280020910043246	-0.3718282565755232	0.06487687695228346	0.4332116774334208	-0.1371576055104621	-0.890794791228277	0.123312883897539	0.2411835297541952	-0.9346670921513454	0.2612055288749113	0.1121321901998178	0	0	0	1
7	-0.9647459658084838	0.2583369498345737	-0.0502658857867724	0.11574927415789	0.05075915216268342	-0.004764519609669166	-0.9986991099413484	0.1263821044851799	-0.2582404079118307	-0.9660432329964737	-0.008516536901878601	0.1113069529355594	0	0	0	1	-0.9105703610309022	-0.4120893893311131	-0.03225891656593181	0.1165007013769277	0.02661997865546685	0.0194164055204244	-0.999455611996758	0.1293983341032541	0.4124916283360235	-0.910934872471319	-0.006710029963754707	0.1099951588918162	0	0	0	1	-0.7664558245406828	-0.2774261021487936	-0.5792927162555532	0.06283012355574416	0.6070060149980374	-0.6077084544288092	-0.5120878982088166	0.1217512941387217	-0.2099745319918424	-0.7441272376855314	0.6341812628764621	0.1154535035948608	0	0	0	1
8	-0.9635787532058526	0.2636736215457937	-0.04462765529936671	0.1146211609555831	0.04466512484689474	-0.005855758759134145	-0.9989844049187877	0.1262426110364331	-0.2636671980796118	-0.9645942876181163	-0.00613465434298105	0.1115570141965429	0	0	0	1	-0.9047840269322068	-0.4258644788603484	-0.001401600385561804	0.1154448243037597	-0.001903451952414252	0.007333536114781103	-0.9999698892999895	0.1288865357477426	0.4258621732179012	-0.9047555848846796	-0.007445707599829682	0.1100017270145725	0	0	0	1	-0.7404654388418237	-0.224330435990148	-0.6335508037335259	0.06081381540423644	0.5988940338329578	-0.6480408777337293	-0.4704985161713198	0.1197742645647642	-0.3050196836622223	-0.7278179922740245	0.6142023006725347	0.1188547523586608	0	0	0	1
9	-0.9686830682563601	0.2481654290739951	-0.008151678878104959	0.1130994034932056	0.008723559867226857	0.001204744624892069	-0.999960774531705	0.1262740852289934	-0.2481459069321398	-0.9687170261320533	-0.00333202667942966	0.1118040461789664	0	0	0	1	-0.8825851252350643	-0.4698113176581283	-0.01781961874747289	0.1127600149174773	0.01514805009157233	0.009464710649904284	-0.9998390444862639	0.1289485150618959	0.4699046524467472	-0.8827144207157873	-0.001236470956252525	0.1103184642445724	0	0	0	1	-0.780842752163128	-0.08737115067727252	-0.6185877541955214	0.05877555296457035	0.4875306291488778	-0.70437117126617	-0.5159214675607793	0.1198654944190313	-0.3906387325104103	-0.7044343040494815	0.5925995025744774	0.1222627248905398	0	0	0	1
10	-0.9653533150623628	0.259817445706955	-0.02423410949618205	0.1110983531035893	0.02582182914445892	0.002698908312644303	-0.9996624686258062	0.126125398167704	-0.2596643768178994	-0.9656540887478571	-0.009314484970045434	0.1121294123638178	0	0	0	1	-0.8799177774096277	-0.4750851061453711	-0.005962544927855223	0.1120859094884654	0.007227196064564881	-0.0008369736771580288	-0.9999721194987788	0.1285318718297991	0.4750671760229436	-0.87993775057152	0.004170232012683683	0.1102982090157607	0	0	0	1	-0.7582464269196603	-0.0676828333918237	-0.6484453136144801	0.05752953483599779	0.4755558430974277	-0.7377912590794569	-0.479072578353259	0.1178813873707691	-0.4459923020196557	-0.6716273116046046	0.5916148077115917	0.1257100079417495	0	0	0	1
11	-0.970421144311746	0.2395347328590026	-0.03008864805136367	0.1091062349657722	0.03111948527169569	0.0005214871712915584	-0.9995150866392255	0.1258968580254529	-0.2394029211592742	-0.9708877628853487	-0.007960383872291928	0.1122351192406622	0	0	0	1	-0.8648489892614709	-0.5020012531356324	-0.005262752059621886	0.1098434969700961	0.003540430949142317	0.004382576701334864	-0.9999827173125367	0.128867405676261	0.5020159760614953	-0.8648540561034984	-0.00201272674011449	0.1108209139738757	0	0	0	1	-0.7769555604517908	-0.003346515705765829	-0.6295465389420741	0.05551940091606736	0.3985474932472122	-0.7767051236602152	-0.4877385037548823	0.1158107470356422	-0.4873398095895058	-0.6298556225960242	0.6047993452734955	0.1291780481863974	0	0	0	1
12	-0.9621140131040145	0.2721114212842634	-0.01707119119340495	0.1071004249108522	0.01725258359212673	-0.001726133175153511	-0.9998492246694159	0.1260354630380121	-0.2720998943380395	-0.9622643104605619	-0.003034012455074338	0.1123212625956106	0	0	0	1	-0.8469094428471657	-0.5309017702462223	-0.02974045149633988	0.1082431380225219	0.02214693807108937	0.02066229598724373	-0.9995397586537379	0.1290988469440161	0.5312723010370934	-0.8471796641568565	-0.005740990085131695	0.1105322756572452	0	0	0	1	-0.4464008607480555	0.02451385200865502	-0.894497226426431	0.05364104419293926	0.6374201523441694	-0.6928660606295579	-0.3370936919328727	0.1141124341920542	-0.6280302207778378	-0.7206496004929164	0.2936707264211613	0.1323613833501689	0	0	0	1
13	-0.9675362592686528	0.2525678681722073	-0.009081702006617015	0.1060180667366961	0.006440865767930039	-0.01128090165361443	-0.9999151775895639	0.1261391192543576	-0.2526489275636629	-0.9675135252491558	0.009287797751077659	0.1124551608959196	0	0	0	1	-0.8454682838774733	-0.5340205296007969	-0.001486209469919841	0.1069672201965898	0.002775217487121992	-0.00161194785233075	-0.9999934394135054	0.1288295109251567	0.5340150074895356	-0.8454682011027779	0.002845147324094938	0.1106900332291069	0	0	0	1	-0.3413019508937247	-0.03335543853254994	-0.9393616337354926	0.05171078825660835	0.7196890611362554	-0.6521087001965677	-0.2383316341291448	0.1122453562453335	-0.6046162178591324	-0.7573914519265903	0.2465718840852752	0.1358552131475202	0	0	0	1
14	-0.9671682310621424	0.2537699101847717	-0.01363319529123623	0.1046757823424805	0.01131792594190266	-0.0105814290857385	-0.9998795145217367	0.126321973728609	-0.2538836263467716	-0.9672068415590003	0.007361745601300261	0.1124751671201949	0	0	0	1	-0.8127959859496128	-0.5823191154659517	-0.01624658597588479	0.1051669848107428	0.01596607421576408	0.005609349643758449	-0.9998553787854658	0.1288285905054107	0.582326470974146	-0.8129391037749919	0.004738407943318632	0.1115372463179941	0	0	0	1	0.3783245089597217	-0.05985425999240558	-0.923735894417799	0.05036304660526628	0.7320381987785561	-0.5914263089809536	0.3381350821775173	0.1106206410571357	-0.5665604811057344	-0.8041346542769758	-0.1799350003395594	0.1391196805858213	0	0	0	1
15	-0.9643549166717074	0.2616413751138124	-0.03953232994392003	0.1035523312844924	0.03899575440824826	-0.00724464424079084	-0.9992126656137787	0.1262060117000503	-0.2617218068478884	-0.9651380804183401	-0.003216619123122631	0.1127856615255824	0	0	0	1	-0.8177596931145795	-0.5754559478646986	-0.01078616878502731	0.1044913156106091	0.002646295845946105	0.01497983106023704	-0.999882881626417	0.1291575191886466	0.5755505455946627	-0.8176937447574792	-0.01072679566923737	0.1113854733325007	0	0	0	1	0.3385909310799925	0.01770053453656611	-0.9407671853178468	0.04831002697271958	0.7990549473802173	-0.5333631177003278	0.2775522861487125	0.1086363271079989	-0.4968576353030219	-0.8457012648431658	-0.1947351336174453	0.1426758017844253	0	0	0	1
16	-0.96341749223801	0.2662349505080654	-0.03074262220388868	0.1027306137841909	0.02948671187681765	-0.008714478630315126	-0.9995267364359269	0.126457131269494	-0.266376890557355	-0.9638688797265894	0.000545162494608873	0.1123499973183557	0	0	0	1	-0.8172698736531769	-0.5762273002463169	-0.005371301426894869	0.1038453459158008	-0.00531431295589108	0.0168562803182709	-0.9998423923789159	0.1295999654303015	0.5762274384265266	-0.8171138034274262	-0.01683811375789544	0.1110715525618662	0	0	0	1	0.3408195155346426	0.04295426743604086	-0.9391469724984821	0.04631084402709201	0.7301017260026142	-0.6414323665240477	0.2356189863992421	0.1100048998969409	-0.5922783676786312	-0.7659762422475106	-0.2499731947177012	0.1460485770534006	0	0	0	1
17	-0.9604853683989325	0.2773699747859165	-0.02309071777376491	0.1020219486229551	0.02160573554629914	-0.008409515722105644	-0.9997307523932047	0.1265131248901075	-0.2774895090513473	-0.9607264883658618	0.002084309089489013	0.1126499159690761	0	0	0	1	-0.8131114069833014	-0.5820948231799782	-0.00350123380530732	0.1034434326451543	-0.002256039599999156	0.009164916261033523	-0.9999540479523956	0.1292130515124113	0.5821005920095157	-0.8130674170226966	-0.008765038356728233	0.1113013878766021	0	0	0	1	0.5459939129012346	0.1319955544390618	-0.8273258034871255	0.04855721953018132	0.6784636168782134	-0.6490062350514229	0.3442069010922559	0.1080292620699435	-0.4915057527116651	-0.7492451094774836	-0.4439071579813656	0.1494387148111919	0	0	0	1
18	-0.9622396174672809	0.270331373779325	-0.03186362328025818	0.1020332291791159	0.03205494784816009	-0.003708464812415942	-0.999478779886568	0.1263287601199928	-0.2703086703111089	-0.962760304517453	-0.005097150211904905	0.1126667354475239	0	0	0	1	-0.8211830740007012	-0.5706241654350782	0.006572595554049605	0.103786364611468	-0.01130394280080715	0.004748976104340386	-0.999923429604387	0.128934485761823	0.570549672641028	-0.821195782097328	-0.01034980520684491	0.1112367053394978	0	0	0	1	0.4963110984339414	0.164775141702524	-0.8523641402137215	0.04994614040126869	0.7091112821765602	-0.6433612591623266	0.2885269821083185	0.1073875876494939	-0.5008359215976206	-0.7476199545820076	-0.4361507696375581	0.1462450791264917	0	0	0	1
19	-0.9636022609618338	0.2670677417836994	-0.01203859112653592	0.1027831490868614	0.01007006482316002	-0.008739405961339935	-0.9999106568684399	0.1259698930383363	-0.2671491246741914	-0.9636382373054834	0.005731795267127558	0.1126554448364535	0	0	0	1	-0.821683799674944	-0.5698702423497148	-0.008968705096046602	0.104446763562261	0.003408124712509862	0.01082188957618982	-0.9999342211122806	0.1289479612083048	0.5699302300602764	-0.8216616074012703	-0.006949699951298058	0.111112525220033	0	0	0	1	0.5242188068018825	0.1859904249124176	-0.8310249131735141	0.05184544081027777	0.7452700858175056	-0.5723557357992334	0.3420259364593833	0.1057650110554234	-0.4120282503446909	-0.7986342261272308	-0.4386522463823481	0.1456176103470667	0	0	0	1
20	-0.9650338966598143	0.2611412650664527	-0.02267683070154608	0.1035837480945648	0.02152910921971187	-0.007255399538753189	-0.9997414472560657	0.126077100638611	-0.2612383090288786	-0.9652734364791391	0.001379441934960906	0.1133242296523446	0	0	0	1	-0.8184111467182161	-0.5746083185118568	-0.005027132216159406	0.104359318351891	-0.008141230941282485	0.02034109087870722	-0.9997585453866972	0.1294801062045196	0.5745722447047057	-0.818173895822766	-0.02132513587043992	0.1115891140965254	0	0	0	1	0.4771638047430104	0.3532133136892422	-0.8047082573101607	0.05235109188878466	0.8215568563685353	-0.5043982694845738	0.2657574070267171	0.1058539472088973	-0.3120243139538211	-0.7879231525833319	-0.5308649187971689	0.1456323355736666	0	0	0	1
21	-0.9608077016339021	0.2764560174961477	-0.02049531065853803	0.1037440279423697	0.01721838457355817	-0.01427589643550851	-0.9997493849475547	0.1261792466504802	-0.27667935604982	-0.9609206405767091	0.008956138139141565	0.1132123177551149	0	0	0	1	-0.8302894351975219	-0.5572718906443803	0.008016067015325742	0.1056253877424264	-0.02230159230778318	0.01884808554771276	-0.9995722069532379	0.1295242078171338	0.5568827900723694	-0.8301143252924776	-0.02807718483352056	0.1112028171849859	0	0	0	1	0.4626231211294162	0.3360639700935584	-0.8203908607043615	0.05273118444161308	0.8038787604781316	-0.5492221112241211	0.2283293619187433	0.1049646954953282	-0.3738434479163025	-0.7651249794319221	-0.5242370446093844	0.1490796229043559	0	0	0	1
22	-0.9654817042423216	0.2603474922937757	-0.007980186808947118	0.1048980490781245	0.008634361842489507	0.001368974111648245	-0.9999613373388422	0.1261912635693385	-0.2603265351811115	-0.965514120808932	-0.00356977847774512	0.1129274858256329	0	0	0	1	-0.8272195674332554	-0.5617532676337627	0.01173953678095181	0.1058588642283966	-0.02262333611704384	0.01242222803928004	-0.9996654856918122	0.1294872215692118	0.5614199150523093	-0.8272097424718181	-0.02298439785284841	0.1113468307407923	0	0	0	1	0.597064015544324	0.258458895396752	-0.7594167637166482	0.05373725836373411	0.7511778491375875	-0.5123438272552406	0.4162162454464708	0.1048575478607383	-0.2815076155425351	-0.8189645631325981	-0.5000501542793687	0.1483866462290669	0	0	0	1
23	-0.9694663866168042	0.2445152781590705	-0.01861770093235671	0.1063349028829774	0.01951235516893067	0.00123675974715964	-0.9998084021005866	0.1262178197558741	-0.2444454367878569	-0.969644758397291	-0.005970190402026732	0.1131314075500273	0	0	0	1	-0.8209302724045026	-0.5709901194313426	-0.006369183493137032	0.1063665091438937	-0.01390941508334463	0.0311450201300838	-0.9994166846857616	0.1300966297612814	0.5708558181544425	-0.8203641110627887	-0.03350979596010874	0.1122649056294337	0	0	0	1	0.6466997624084497	0.2125104844287675	-0.7325427938566447	0.05514046264576954	0.7121992661688271	-0.5120369777641589	0.4801985771842479	0.1048588551076955	-0.2730416815630305	-0.8322605247236116	-0.4824834944546499	0.1462445697911064	0	0	0	1
24	-0.9699065355580165	0.2434762480587416	0.0002108999247160655	0.1083341064118401	0.003171810787761953	0.01350117309646672	-0.9999033740900928	0.1264390542932752	-0.2434556022125181	-0.9698129939691869	-0.01386725916830153	0.1127971212910682	0	0	0	1	-0.8561694597762856	-0.5166868843455968	0.002291799406144504	0.1101875185603371	-0.005653493143376485	0.004931346848676382	-0.9999704540613653	0.1289648863812318	0.516660665486091	-0.8561584834891606	-0.007142913391974981	0.1110556006200148	0	0	0	1	0.7328884292451904	-0.1401438656665598	-0.6657584327982319	0.05725449756866026	0.4959244558791261	-0.5598671259876304	0.6637832041660219	0.1054903801869327	-0.4657613354936614	-0.8166447524827478	-0.3408188783025029	0.1496626106153764	0	0	0	1
25	-0.9678729304037168	0.2514290120166965	-0.002204730782552582	0.1103329812855853	0.003313663302374719	0.003987117033138005	-0.9999861120891912	0.1266628297811572	-0.251416762722234	-0.967867637194928	-0.004692298295256497	0.1128389808616713	0	0	0	1	-0.8739556712584284	-0.4859469278064703	0.007332484457416043	0.111958874619328	-0.003924537649087352	-0.008031688877358806	-0.999958639112676	0.1285494913532979	0.4859860407237431	-0.8739497003925293	0.005112463940483647	0.110578858354127	0	0	0	1	0.6954955136013639	-0.2077732504350267	-0.6878344721860926	0.05645660707429225	0.4928603602329941	-0.558634354046591	0.6670957431169725	0.107489671592592	-0.5228525539506399	-0.8029682985559492	-0.2861240101248725	0.1531457160594595	0	0	0	1
26	-0.9653030105036167	0.261008479932552	-0.008005805440434988	0.1123317566623037	0.008641273035743137	0.001287005403208356	-0.99996138650712	0.1266180133851445	-0.2609881312693428	-0.965335757825023	-0.003497920293450446	0.1127780616934604	0	0	0	1	-0.8819419578093115	-0.4704363310891234	-0.02940704386256938	0.1136375805905418	0.02823014563945844	0.009556877398171446	-0.9995543333975588	0.1295831602414498	0.4705080137803423	-0.8823804893427565	0.00485210360184278	0.1107156210860718	0	0	0	1	0.7378040470077684	-0.2558845462387683	-0.6246345211433073	0.05853894816123697	0.4792364478941677	-0.4531090979670304	0.7516813887935947	0.108596944146837	-0.4753711734319494	-0.8539410974645195	-0.2116760390777588	0.1552452129608868	0	0	0	1
27	-0.9617442677287208	0.2706015808344173	-0.0426868917871816	0.113663322417901	0.03978851139216064	-0.01619038175676143	-0.9990765002136118	0.127433581142802	-0.2710428309375288	-0.9625553824605135	0.004804046507034858	0.112394177333814	0	0	0	1	-0.8865407661172587	-0.4616183816783817	-0.03083288047914158	0.1137756165311044	0.03021269299810344	0.008734727439277626	-0.9995038946957668	0.1297073979356231	0.4616589783518735	-0.887033921403322	0.00620326698514341	0.1108953838922517	0	0	0	1	0.6624813613991702	-0.2261448588369089	-0.7141266817320443	0.05952203020796966	0.5896037104995144	-0.4306159905020592	0.6833283573086475	0.1105904837738259	-0.4620455038902936	-0.8737439700214185	-0.1519387354116442	0.1542451030991467	0	0	0	1
28	-0.9656075921222276	0.2584690562086023	-0.02819830280603319	0.1156646059044673	0.02821000179884026	-0.003664360240605308	-0.9995948539573912	0.1272528866663494	-0.2584677004674092	-0.9660126954455011	-0.003753203049721862	0.1116596030316664	0	0	0	1	-0.9028792013234289	-0.4285025228073309	-0.03451721656105899	0.115411467647537	0.04420496875939571	-0.01267625189573592	-0.9989406167066939	0.12898656683761	0.4276112927103506	-0.903450000870325	0.03038730995766555	0.1104923701438719	0	0	0	1	0.6195408034232549	-0.2921036173857292	-0.7285908221826208	0.05944483563766605	0.5706671205636916	-0.4697221510598334	0.6735729197103122	0.1125708020331707	-0.5389882816003901	-0.8330886694206798	-0.1243176433432624	0.1561076373276537	0	0	0	1
29	-0.9686295438057897	0.246802408219411	-0.02906532456884417	0.1171399241728971	0.03118283157986462	0.004674663568380907	-0.9995023162701262	0.1274801997119904	-0.2465437410110768	-0.969054656421836	-0.01222413803634282	0.1115110848157088	0	0	0	1	-0.9208867234941399	-0.389438443547679	-0.01737772809550861	0.1168976122874287	0.02454883066926711	-0.01344629234658885	-0.9996067742678559	0.1292542310885619	0.3890518558031413	-0.9209527128991221	0.02194297053697114	0.1101858103355328	0	0	0	1	0.5342392041482777	-0.2906076907724809	-0.7938107552388666	0.06054795501257403	0.6052833994363904	-0.5240175616877083	0.599197770438687	0.1105586369428453	-0.5901022084512737	-0.8005953526657392	-0.1040502645390757	0.1574690995372745	0	0	0	1
30	-0.9686966250101273	0.247530269135819	-0.01884225145141401	0.1191393166040191	0.01930890089104324	-0.0005425316810912933	-0.999812969984919	0.1275918304443406	-0.247494229005155	-0.9688801163385203	-0.004254113603134178	0.1114169432590898	0	0	0	1	-0.9459021204634374	-0.3239879294274909	-0.01725076656954018	0.1192656092584062	0.02398520663215584	-0.01680628068631169	-0.9995696130802473	0.1289855623039184	0.3235587079101022	-0.9459103414181185	0.02366816873575545	0.1099995895349994	0	0	0	1	0.565229138245691	-0.3210812960838234	-0.7598833442892347	0.05859992413969101	0.5724412431449203	-0.510606592132441	0.6415545936065976	0.1093259093581061	-0.5939925771641095	-0.797613855809471	-0.1048090992057795	0.153964893333487	0	0	0	1
31	-0.9749817995170209	0.2206215200361751	-0.02713009062362117	0.1208662279061779	0.02751846722625309	-0.001313596530303131	-0.9996199835948923	0.1275642006076565	-0.2205733504359864	-0.975358717434926	-0.00479055872236436	0.1113276506239673	0	0	0	1	-0.9528739786238863	-0.3014193494840789	-0.03426589581894614	0.1201916685691221	0.0360692181976983	-0.0004200020833139695	-0.9993477705739708	0.1296890105648774	0.301208468438325	-0.9534900119255609	0.01127228390769391	0.1100672213992864	0	0	0	1	0.5944228946297204	-0.3694596818206044	-0.7142554438035129	0.06019927971843538	0.5563089723445626	-0.4524399845623511	0.6970069707417847	0.1113420413431199	-0.5806736492473976	-0.8116635740757753	-0.06340650216383617	0.1575045080702585	0	0	0	1
32	-0.9712381736728002	0.2381031815746315	-0.001642708964623472	0.1218220934764037	0.00107667968744003	-0.002507387519751939	-0.9999958286333882	0.1276005693387634	-0.2381063399241222	-0.9712367354291561	0.002178783020902582	0.1114288171608385	0	0	0	1	-0.960610216730246	-0.2761293451100575	-0.03125967018311773	0.1209116632342136	0.03312331591972219	-0.002089298368148029	-0.9994476558917661	0.1296915339622307	0.2759115919181742	-0.9611166542560695	0.01115341671564861	0.1103109103160573	0	0	0	1	0.5587593779722948	-0.3198784627061074	-0.7651572374192127	0.0599570168772296	0.5777675962530513	-0.5117386767244183	0.6358525745629443	0.1112579941514362	-0.5949560484181283	-0.7973715880593834	-0.1011229263269157	0.1539663790030119	0	0	0	1
33	-0.9720145569911574	0.2345580407947162	-0.01302452319704869	0.1232245120557039	0.01370751451536689	0.001281522820609667	-0.9999047775769342	0.1276812254439097	-0.234519046973977	-0.9721013792362531	-0.004460991670339007	0.1111953664212135	0	0	0	1	-0.975709955011142	-0.2180765153219389	-0.0207178388259276	0.1226140299525123	0.02649960068707053	-0.02362429317672073	-0.9993682076444921	0.1286460817333648	0.2174493135294994	-0.9756441614256203	0.02882948587391794	0.109948425070764	0	0	0	1	0.5109423828061033	-0.3832520708138714	-0.7694514611543063	0.05976982463048715	0.5716133856796574	-0.5170584566744856	0.6371099268927158	0.1119155726192568	-0.6420250431763462	-0.7653551830369365	-0.0451146402457791	0.1542285928015284	0	0	0	1
34	-0.9680357120971628	0.250396098285471	-0.01442467599021411	0.1237027525717044	0.01159322618986606	-0.01277934997553166	-0.9998506846476457	0.1276399263374462	-0.2505430812485892	-0.968059239144401	0.009467840544856242	0.1112847001499749	0	0	0	1	-0.9831176849493118	-0.1734393285609761	-0.05826621852745279	0.1236309898318698	0.05962067459754881	-0.002609568073560053	-0.9982162404668006	0.1287718394167024	0.1729778650559316	-0.9848395772661396	0.01290610703404764	0.1102536292155496	0	0	0	1	0.5562541749406038	-0.3493941346531663	-0.7539926321262845	0.05798366248256709	0.656141826184389	-0.3721268860637807	0.6565057103076258	0.1124181948596546	-0.5099601299061447	-0.8599101539938131	0.02225542214836754	0.1508974760684806	0	0	0	1
35	-0.9718681875138037	0.235046060030796	-0.01499958398359295	0.1243512885034672	0.01492830361056318	-0.002082826896202778	-0.9998859489586557	0.127684810113845	-0.2350505269094972	-0.9719821087917929	-0.001484731537727102	0.1113042636616832	0	0	0	1	-0.9855350887321965	-0.1524961831973659	-0.07390566851660424	0.1230512555443747	0.07512057444180498	-0.002217530478353352	-0.9971705250507332	0.1291626466118313	0.1519007480956701	-0.9883000557299259	0.01364106605420935	0.1101876420530443	0	0	0	1	0.5940864500833216	-0.3976863183140013	-0.699218668846714	0.056056636583373	0.6298845281458271	-0.3106466910822961	0.7118597688374431	0.1104249710322225	-0.5003068141962834	-0.8633332955172641	0.06594591290729301	0.1474343711259774	0	0	0	1
36	-0.9710300875277189	0.238877755980326	-0.006115587131846473	0.1244652871972123	0.004785592907653998	-0.006147383987073833	-0.9999692056408251	0.1276808464282898	-0.2389080274225209	-0.971030295965651	0.004825995903551124	0.1112120571897751	0	0	0	1	-0.9942320440253627	-0.08356567684586662	-0.06720053391942771	0.1243271021777028	0.06747217266152955	-0.0004362731434533335	-0.9977196003139021	0.1293748885227247	0.08334565164632954	-0.9965006727574236	0.006072062445973553	0.1103809762587286	0	0	0	1	0.6154820821910588	-0.4482815280545317	-0.6482479061920311	0.05411275703283125	0.6010973492703198	-0.264991974099708	0.7539637971913064	0.1104287022903157	-0.5097684969702256	-0.8537113557116704	0.1063634590672906	0.1439510312285854	0	0	0	1
37	-0.9716752154751042	0.236255770095298	-0.005468038775110035	0.1244015013085028	0.005670651523533127	0.0001780089962741919	-0.9999834572679585	0.127571314364394	-0.236250921042005	-0.9716909939505952	-0.001512816825108714	0.1108989268154342	0	0	0	1	-0.994428868259855	-0.06430132351297987	-0.08350491454036434	0.1233872363893603	0.0825680525763971	0.01708545147932589	-0.9964374857498098	0.1293299189655299	0.06549879208073062	-0.9977827572318476	-0.01168112974588588	0.1104635489602071	0	0	0	1	0.5847482842735398	-0.4117628464412222	-0.6989425281025682	0.05432824911909714	0.6870147373171462	-0.2067949102224607	0.6965965465873911	0.1098524391189301	-0.4313702957431501	-0.8875175361647404	0.1619646087092985	0.1418537516019205	0	0	0	1
38	-0.9708759674350065	0.2393429957922352	-0.01068642661292816	0.1242975913223826	0.01150257268160069	0.002013215995441093	-0.9999313676837385	0.1275937691923647	-0.2393050877631558	-0.9709331004975443	-0.004707768127881724	0.1104032605940356	0	0	0	1	-0.9995356926339445	0.0005403270805792865	-0.03040557599629449	0.1244977829640682	0.03040935896414655	0.01321932816842017	-0.9994486763798525	0.1293548954411001	-0.0001383366894085608	-0.9999109764855985	-0.01322976881244108	0.1102721089615239	0	0	0	1	0.4154817485552331	-0.49017106493114	-0.7662290633431151	0.05214143002371232	0.7847631458897805	-0.2327576602063152	0.5744308830750042	0.1090285403865689	-0.4599150560396888	-0.8399740188379506	0.2879620180514231	0.1454050019785446	0	0	0	1
39	-0.9711489592251185	0.2384338769521107	-0.004289388863732107	0.1243118140360253	0.004056054700553991	-0.001469344671695173	-0.9999902462864243	0.1277591840649761	-0.2384378866009402	-0.9711577295491409	0.0004597255304646317	0.1101140212537677	0	0	0	1	-0.9993979387283441	-0.01428675739292509	-0.03156025166864412	0.1232820319358786	0.03136106295580308	0.01390994970178951	-0.9994098918721821	0.1297874262359502	0.01471709532102368	-0.9997996826111972	-0.01345366472680806	0.1100661546270315	0	0	0	1	0.5120185367907872	-0.5012750957309127	-0.697538592455326	0.05270315821600849	0.7019566960971207	-0.2238497783169905	0.6761273709672736	0.1090721933503462	-0.4950696436748714	-0.8358317466755034	0.237258574231934	0.1465421830853243	0	0	0	1
40	-0.9691961610056946	0.2454387314663072	-0.02044616390518178	0.1239057219881285	0.02130487197056254	0.0008436352509346538	-0.9997722207103283	0.1278750392362881	-0.2453656093926551	-0.9694118452396762	-0.006046813199707322	0.1096258708105588	0	0	0	1	-0.9967575335176533	-0.06522425522615155	-0.04708149062113531	0.1196205312480652	0.04620495407498813	0.01487264194237926	-0.998819813590561	0.1294641390329987	0.06584732867475715	-0.9977582896367281	-0.01181083281335922	0.1097591653411248	0	0	0	1	0.5346288657515874	-0.4182783349015783	-0.7343126258151307	0.05144132026872534	0.8329046461007963	0.4078090058954221	0.3741143398589863	0.1091021682352787	0.1429753954714131	-0.8116250383433072	0.5664127197217655	0.143902105182409	0	0	0	1
41	-0.9667963286890434	0.254121261433716	-0.02695665136725574	0.1235208267723745	0.02737456864595097	-0.001892373946806174	-0.9996230065570556	0.1277431312026292	-0.2540765045716004	-0.9671706218260576	-0.005127044106331996	0.1090442608146423	0	0	0	1	-0.9985704105772766	0.005460565495692085	-0.05313887368876818	0.1208573410565261	0.05309731880441557	-0.007369731779553912	-0.9985606991488365	0.1285798550657069	-0.005844566209805446	-0.9999564354335273	0.007069142127041211	0.1086430668928598	0	0	0	1	0.552425525887722	-0.4679864306188939	-0.6897931298896408	0.04949002671961814	0.8274385168916805	0.4079935679052881	0.38585828497863	0.1092835448353029	0.1008547292549986	-0.7839197043752152	0.6126163258130234	0.1403918552703441	0	0	0	1
42	-0.9690954867100396	0.2448781939439816	-0.02979969737800694	0.1235810634808604	0.02966555208733561	-0.004237144693393495	-0.9995504517438695	0.127791277928449	-0.244894407874235	-0.9695446998724719	-0.003158374135026634	0.1086199805135593	0	0	0	1	-0.9953937104651526	0.07607675681957428	-0.05831026746590345	0.1220177291097336	0.05879595219431294	0.004167486414621405	-0.9982598685913413	0.1289301548788232	-0.0757016926551133	-0.9970917523557001	-0.008621485950165791	0.1080105405030618	0	0	0	1	0.5377717142002297	-0.5209814085541516	-0.6628572725515272	0.04924012480663893	0.842446858297099	0.3627758528056113	0.3983426293235923	0.1091011376915782	0.03293951506660008	-0.7726397648097837	0.6339900051825442	0.1388749453842255	0	0	0	1
43	-0.9676836797625148	0.2483362503877764	-0.04378146911275677	0.1234766072427612	0.04300025158535609	-0.008572021112300281	-0.9990378391671819	0.1278519329231925	-0.2484726396112089	-0.9686360696941914	-0.002383641514137207	0.1084515062404865	0	0	0	1	-0.994617065965152	0.08721178894711713	-0.05592304738231745	0.1215793022740943	0.05636598488191377	0.002630729854857961	-0.9984052564515197	0.1289314735927892	-0.08692592788135046	-0.9961848154916013	-0.007532543619964999	0.1078640931681287	0	0	0	1	0.4911207283831747	-0.5579306454285884	-0.6689645734836261	0.04831198578700528	0.8454433488456534	0.4902814942995981	0.211777124838437	0.1109730615933174	0.2098240008825387	-0.6695801705861786	0.7124863434489674	0.1374628554214144	0	0	0	1
44	-0.9697290002881979	0.2408979646538651	-0.03991551953251133	0.1235561919791119	0.03938453357431045	-0.007020657626598946	-0.9991990160527411	0.1278270086391676	-0.2409852752050911	-0.9705251616044461	-0.002679644016498065	0.1080738888719912	0	0	0	1	-0.9901554792424713	0.1315244245549158	-0.04785203188906821	0.1218529547303724	0.04836836407427262	0.0007372749356107239	-0.9988278485615116	0.1281065252650591	-0.1313353622668318	-0.9913111447260787	-0.007091863930297052	0.1073318030177376	0	0	0	1	0.5042037158095709	-0.5065724573177827	-0.6994017045200915	0.04629962399870131	0.8420325569113489	0.4681868282711186	0.2679219787349538	0.1130079533421824	0.1917287755306591	-0.7240066249169808	0.6626122620412201	0.1364826650530411	0	0	0	1
45	-0.9684349104696423	0.2464606055519274	-0.03728817913540738	0.1232235393122176	0.03640865770850491	-0.008126375785844926	-0.999303495803862	0.1278702836161179	-0.2465919953648303	-0.9691188473261602	-0.001103559385716969	0.1079243305806296	0	0	0	1	-0.9862680541301941	0.1592199054128522	-0.04382576394635945	0.1222842826778483	0.04509759912696884	0.004385966536807756	-0.9989715146598658	0.1282646116812224	-0.1588643479642071	-0.9872318818316302	-0.01150642710088433	0.1072001369880815	0	0	0	1	0.6273550525612547	-0.6312990263546798	-0.4559463725050116	0.04599155961495033	0.7720090247351316	0.42741133148397	0.4704481103655342	0.1150790911832379	-0.1021168010403035	-0.6471330980918512	0.7555073935013898	0.132774214404323	0	0	0	1
46	-0.9703481607606931	0.2384027364186903	-0.03984963492807038	0.1235379379250581	0.03908105188105136	-0.007951773316060564	-0.9992039560237195	0.1281281299188399	-0.2385298653055799	-0.9711339314865026	-0.001601166768169168	0.1077186166349884	0	0	0	1	-0.9898788079426458	0.1331699803793992	-0.0490108899259009	0.1209834159617874	0.05108492860877602	0.01220566009407571	-0.9986182747613641	0.1289104346854383	-0.1323881594174948	-0.9910165395564191	-0.01888535234630154	0.1068403419104264	0	0	0	1	0.5890576200870581	-0.6796874378785163	-0.4370766707365408	0.04585054148877951	0.7917502650748648	0.3772174100014125	0.4804564152035758	0.1148804162043141	-0.1616872761616731	-0.6290724648124322	0.7603456830743733	0.1326867881655663	0	0	0	1
47	-0.9667163526218835	0.2516441394165109	-0.04619671019475878	0.1229838938811	0.04752851892459908	-0.000786474061411694	-0.9988691228707277	0.1279077275944456	-0.2513959264044738	-0.9678196200073107	-0.01120009888421223	0.1073989521649122	0	0	0	1	-0.9866366994191992	0.1602596537737057	-0.02934615354141758	0.1213994132857457	0.03118914260406545	0.00900037500891171	-0.9994715438491227	0.128957944832801	-0.1599112561444042	-0.9870323399509219	-0.0138787196855714	0.106688769903664	0	0	0	1	0.674316505929241	-0.5590810800799993	-0.4824163423898892	0.04561943555355243	0.7290957812769602	0.4004556618645835	0.555026459575249	0.1168704832057949	-0.1171184394399435	-0.7259915718384091	0.6776577621106177	0.1310110131148801	0	0	0	1
48	-0.9648556220611392	0.2584644456155245	-0.04742548559426789	0.1228721369097595	0.04612800725207099	-0.0110856294096184	-0.9988735764752382	0.128007922075228	-0.2586990797711747	-0.9659572700117086	-0.001226543144607163	0.1074672731883887	0	0	0	1	-0.9872661158601105	0.1555453525379147	-0.03328057235281294	0.1212652068037088	0.03630735118171812	0.01666235453975833	-0.9992003149461918	0.1288961251349444	-0.1548668519197304	-0.9876866976587306	-0.02209788829812878	0.1065893185663422	0	0	0	1	0.6838147312874089	-0.5107215815392403	-0.5211149650866441	0.04359885087505035	0.703831867303051	0.273371291477439	0.655658926132873	0.1174760227226595	-0.1924012815559142	-0.8151268347620746	0.5463977548702762	0.1273676888966327	0	0	0	1
49	-0.9658708789941838	0.2546425469626889	-0.04743453103470656	0.1230304580787882	0.04690562541212341	-0.008152552641972437	-0.9988656082807141	0.1281066958481305	-0.2547404282130886	-0.9670009914560561	-0.004069979347362786	0.107404100040605	0	0	0	1	-0.9882089457415625	0.1488004541409376	-0.03602564126513934	0.1211694778544028	0.03769176314763022	0.008395911679942775	-0.9992527041540215	0.128690224246935	-0.1483871950204652	-0.988830085000186	-0.01390571696273442	0.1064312711407236	0	0	0	1	0.813208469053513	-0.4809337658228674	-0.3277113914977102	0.04354706851111344	0.5067167840720224	0.3081683987334426	0.8051521779232201	0.1181992064543765	-0.2862345609822087	-0.8208136844112223	0.4943026957749418	0.1237513436889077	0	0	0	1
50	-0.9664690749797689	0.2509144349946706	-0.05457918853871856	0.1230520516451288	0.05359852211119159	-0.01074583368467708	-0.998504297205849	0.1280235687479465	-0.2511256734898551	-0.9679497309700268	-0.003063251912566518	0.1074897630604558	0	0	0	1	-0.9888426415907045	0.1442493530637333	-0.03713084424401615	0.1211033575102637	0.03887326203745225	0.009283327256109808	-0.9991995869310855	0.12881781609861	-0.1437895989609613	-0.9894963099793308	-0.01478744178047822	0.1064319412905003	0	0	0	1	0.8059332789450399	-0.5257597822288976	-0.2721181317918442	0.04158015357283897	0.449386027173901	0.2440880534502766	0.8593444826860517	0.1193916435275383	-0.3853879678597704	-0.8148606182389116	0.432988132873643	0.1229465297532193	0	0	0	1
51	-0.9650389837139949	0.2570592351637488	-0.05118326334998256	0.1229479180067402	0.05136244809937115	-0.006022083269727672	-0.9986614732520097	0.127942296025714	-0.2570234175867764	-0.9663769929201242	-0.007391770244203857	0.1076811549732114	0	0	0	1	-0.9871718972137339	0.1552160675451236	-0.03736255112323511	0.1220860026588068	0.03932714568506711	0.009609075555912297	-0.9991787456394412	0.128616938452408	-0.1547299908310349	-0.9878322942330595	-0.01559027221996917	0.1068485597588134	0	0	0	1	0.7025310767759081	-0.6539422705889945	-0.2807305345516227	0.03949386583246071	0.5803837207927732	0.2981992609134849	0.7577807449590843	0.1207317501988775	-0.4118312276942443	-0.6952962398365076	0.5890319603568727	0.1195126292461283	0	0	0	1
52	-0.9669644501354013	0.251280167960615	-0.04286542735267376	0.122947767326163	0.04195099184952596	-0.008997364493061483	-0.9990787091551792	0.1280577185909916	-0.2514343747534719	-0.9678726842602208	-0.001841445916960241	0.1079678279979962	0	0	0	1	-0.99155108779691	0.1186541038951587	-0.05238338338923889	0.1209703174897964	0.05406404037946787	0.01099370512146652	-0.9984754982688058	0.128990908353902	-0.1178977053444251	-0.9928732776963536	-0.01731597682754639	0.1069406238600193	0	0	0	1	0.699090351217741	-0.6695297762133597	-0.2510032196849818	0.03955644040714332	0.4996892270509454	0.2063654828614989	0.8412631692255373	0.1212408294459108	-0.5114523384488658	-0.7135427946873637	0.4788252338741376	0.1217270851924786	0	0	0	1
