nColumns=49
nRows=48
DataType=double
version=3
OpenSimVersion=4.3-2021-06-17-d472a7585
endheader
time	femur_distal_r_T11	femur_distal_r_T12	femur_distal_r_T13	femur_distal_r_T14	femur_distal_r_T21	femur_distal_r_T22	femur_distal_r_T23	femur_distal_r_T24	femur_distal_r_T31	femur_distal_r_T32	femur_distal_r_T33	femur_distal_r_T34	femur_distal_r_T41	femur_distal_r_T42	femur_distal_r_T43	femur_distal_r_T44	tibia_proximal_r_T11	tibia_proximal_r_T12	tibia_proximal_r_T13	tibia_proximal_r_T14	tibia_proximal_r_T21	tibia_proximal_r_T22	tibia_proximal_r_T23	tibia_proximal_r_T24	tibia_proximal_r_T31	tibia_proximal_r_T32	tibia_proximal_r_T33	tibia_proximal_r_T34	tibia_proximal_r_T41	tibia_proximal_r_T42	tibia_proximal_r_T43	tibia_proximal_r_T44	patella_r_T11	patella_r_T12	patella_r_T13	patella_r_T14	patella_r_T21	patella_r_T22	patella_r_T23	patella_r_T24	patella_r_T31	patella_r_T32	patella_r_T33	patella_r_T34	patella_r_T41	patella_r_T42	patella_r_T43	patella_r_T44
1	-0.9639520683551039	0.2510158630099568	-0.08824317359803303	0.1337856528062641	0.08293588062846829	-0.031665586984406	-0.9960512253087918	0.123313235460279	-0.2528189628346435	-0.9674650047590975	0.009705758423395099	0.107696390862868	0	0	0	1	-0.9630935776180093	-0.2652154650418596	-0.04591406663054361	0.1320648240141193	0.04810910230319462	-0.00178549261907604	-0.9988390463471908	0.125356056265076	0.2648256485414386	-0.964185963704979	0.01447896852737754	0.107439564009307	0	0	0	1	-0.9846602290023685	-0.166223985552951	-0.05304638810761186	0.080520269325703	0.06399059317810495	-0.06118705560650882	-0.9960729095011005	0.1231240274477862	0.1623255208124899	-0.9841879314726039	0.07088568578347766	0.1009462018761527	0	0	0	1
2	-0.9618706962302404	0.2532922945995116	-0.1031852104936705	0.1340189308802816	0.09618111544794121	-0.03991606076604859	-0.9945627267739472	0.1235714444682973	-0.2560338554082835	-0.9665660504614551	0.01403202479043606	0.1077395385121085	0	0	0	1	-0.946287947029637	-0.3170809369477399	-0.0632095775835038	0.1325078157669943	0.06812629409657242	-0.004433644294975281	-0.9976653927960157	0.125076443390167	0.3160605613770427	-0.9483865381317739	0.02579720664767213	0.1075318322473936	0	0	0	1	-0.9808309492631725	-0.1888056458370281	-0.04819931637211022	0.08106333166713908	0.06644864970421203	-0.09154803089112189	-0.9935810990167182	0.1227552420827422	0.1831812305377367	-0.9777379709018389	0.1023394662886051	0.1034890125767247	0	0	0	1
3	-0.965039057088263	0.2480723651074206	-0.08461164560757653	0.1343238391807158	0.07957164219128833	-0.0302922769004708	-0.9963683276273563	0.1236223990329311	-0.2497345598904268	-0.968267880261148	0.009493576829331371	0.1078221506996072	0	0	0	1	-0.9240444882963739	-0.3771773802378099	-0.06225516471475772	0.1318891993299709	0.06910380488792134	-0.004640103392908851	-0.9975972219801074	0.1254794089520788	0.3759824422735377	-0.9261277972096547	0.03035226047343408	0.107983117224539	0	0	0	1	-0.9775562133487453	-0.2075888422977159	-0.03592799216201902	0.08175649922238067	0.05361186724047157	-0.08019699421090461	-0.9953361659211212	0.1226391842824819	0.2037394285247236	-0.9749233140489844	0.08952673885992511	0.1056480177067809	0	0	0	1
4	-0.9648149239226268	0.2476578858417759	-0.08830143966331577	0.1339663182166285	0.08356231862012392	-0.02960381209286802	-0.9960622800372214	0.1235720436269856	-0.2492967706038168	-0.9683952675458368	0.007867204891768651	0.1079682895964262	0	0	0	1	-0.907755551740978	-0.4152105270290832	-0.05980638318946661	0.1320582599159617	0.06862850079642582	-0.006345077967325072	-0.9976206461598057	0.1254059627334108	0.4138433716525333	-0.909701578385341	0.03425529794677579	0.1079655442594687	0	0	0	1	-0.9679967167565203	-0.2501997355585898	-0.01955881036162146	0.08225021646140891	0.05120190136116694	-0.1205950555993658	-0.9913803680641162	0.1224813582426519	0.2456844703006827	-0.9606545052695178	0.1295467465301233	0.1082125155895916	0	0	0	1
5	-0.9641735386801259	0.2524406324924849	-0.08150169825100316	0.1336907874891821	0.0762009239881387	-0.03072109985956094	-0.9966186561648152	0.1237518785347852	-0.2540908987801114	-0.9671246814167416	0.01038413399430853	0.1080463212999402	0	0	0	1	-0.8818442755738319	-0.4681972412006051	-0.05602486016146338	0.1314664496836317	0.06914090798908386	-0.01086044593301282	-0.9975463249939813	0.1254286675722786	0.4664403044109478	-0.8835555429814471	0.04194910114444389	0.108229228302337	0	0	0	1	-0.9605444621826945	-0.2770478269930838	-0.02447305896701326	0.08279475857491969	0.04553649322914155	-0.06984996527877263	-0.9965175822128994	0.1222696401809086	0.2743736526269955	-0.9583139556075497	0.07971021582958711	0.1101615721600453	0	0	0	1
6	-0.9645812976893543	0.2534710678740383	-0.07303938346398056	0.1331391128493233	0.06728408300181375	-0.03131331801574601	-0.9972419169055374	0.1242570149636629	-0.2550591121152385	-0.966836129952155	0.01314954379977135	0.1080402082109309	0	0	0	1	-0.8585449252358152	-0.5098354003016756	-0.05445437561306445	0.1308248998994665	0.06859082172098553	-0.00895413969874459	-0.9976032317204112	0.1258990910735684	0.5081262241080832	-0.8602236287550158	0.0426578901203397	0.1085055363897873	0	0	0	1	-0.9406978348740593	-0.338773548141085	-0.01789286819841594	0.08333737176571153	0.04785292062625642	-0.08029069887832897	-0.9956221039803526	0.1221689847050583	0.3358538651737134	-0.937435885997946	0.09174100563878189	0.1120216360066613	0	0	0	1
7	-0.9637430314706226	0.2548753891933888	-0.07897669803954119	0.1325991435007831	0.07365043190778599	-0.03038959456965576	-0.9968205449563224	0.1242729142606642	-0.2564651273021317	-0.9664963615247765	0.01051594941613979	0.1082291715527612	0	0	0	1	-0.8531756936022039	-0.5198492017062322	-0.0429515962794874	0.1307812046186607	0.05283834779596146	-0.00421261979547459	-0.9985927451317645	0.1264273813603317	0.5189370809139202	-0.8542459041791266	0.03106239364870089	0.1086704433243247	0	0	0	1	-0.937588963251753	-0.3477079613242138	0.005119347133933028	0.08341308400375362	0.01415988866917002	-0.05288227354329629	-0.9985003029192722	0.1226288951220753	0.3474572935523279	-0.936110459497102	0.05450576242278318	0.1131874842820083	0	0	0	1
8	-0.9659702728514142	0.2479641947242127	-0.07358397755681451	0.1325066646953634	0.06692738632599428	-0.03518045665548469	-0.9971369886964457	0.124458615343085	-0.2498430212702026	-0.9681303124680608	0.01738754993303619	0.1080781296803943	0	0	0	1	-0.8489567929234325	-0.526695426710392	-0.04314039899070435	0.1306022915095523	0.05408499203512888	-0.005391996415901212	-0.9985203283962	0.1267750371092952	0.525683865535732	-0.8500352094730961	0.0330642148916952	0.1085723899525797	0	0	0	1	-0.9335471776954448	-0.3583980488138767	0.006372075508974201	0.08319355906977062	0.02131929378683167	-0.07325883865418396	-0.9970850036780174	0.1221953280415439	0.3578201951128934	-0.9306901389660637	0.07603178859109477	0.1134148071457046	0	0	0	1
9	-0.9659734039193894	0.2487696947395159	-0.07077029105443171	0.1320943819146296	0.06406158810889356	-0.03497121392463671	-0.9973325627805553	0.1246148843580816	-0.2505810731077709	-0.9679312276660292	0.01784455082124433	0.1081382554807281	0	0	0	1	-0.8414134733204806	-0.5387273617280632	-0.04234394112065291	0.1299579626211011	0.05096146390443532	-0.001097969914607574	-0.9986985699077471	0.1270540155293652	0.5379801531751436	-0.8424776719145433	0.0283785071229596	0.1087508366815871	0	0	0	1	-0.935781504607849	-0.3525701455196265	0.002713784658819905	0.08277601606324718	0.02550436934125834	-0.07536502417604191	-0.9968297313448379	0.1221947880575566	0.3516569920813511	-0.9327457098386667	0.07951768898835453	0.1138473567623606	0	0	0	1
10	-0.9654587466424143	0.252371034922371	-0.06478953065929528	0.1317782556067344	0.05746338398624293	-0.03630051169469455	-0.9976869981625058	0.1244462969133687	-0.2541392263760071	-0.9669495032824286	0.02054442227973091	0.1080706280799188	0	0	0	1	-0.8403686930278345	-0.5402921385552852	-0.04314719022976111	0.1302089097706943	0.0513749023575524	-0.0001561893055599256	-0.998677978166856	0.1269963633565026	0.5395715228635687	-0.8414757180734442	0.02788903820094794	0.1085597593401795	0	0	0	1	-0.927256396040854	-0.3743748730554306	0.006255133558818515	0.08282063540680763	0.02002727890216956	-0.06627126818471424	-0.9976005752333281	0.1218589975941241	0.3738911892548824	-0.9249063341988442	0.06894857779924846	0.1140640286793957	0	0	0	1
11	-0.9639151023244057	0.2582274385025793	-0.06469684427735978	0.1309478503122457	0.05739247056443705	-0.03573350860647309	-0.9977115487182326	0.1244929751746915	-0.2599483759978659	-0.9654231790682718	0.0196236277784734	0.1078326748814941	0	0	0	1	-0.8301239602846556	-0.5565208281853686	-0.03428697410904229	0.1290446089365992	0.04108752739204241	0.0002687458311466523	-0.9991540756480849	0.1271464066315316	0.5560596863224279	-0.8308318115349886	0.02264330086809854	0.1081834449256714	0	0	0	1	-0.9105070597472333	-0.4128618519122549	0.02284922874564924	0.08237506283020969	-0.0006666892560344079	-0.05379245146620228	-0.9985518598387053	0.1215913218697218	0.4134931522736654	-0.9092038368837122	0.04870355983536044	0.1145569626121457	0	0	0	1
12	-0.9648018312167485	0.2550858419095872	-0.06393789806718481	0.1306340207344113	0.05673799224869539	-0.0354925844209668	-0.9977575809553483	0.1245831295567336	-0.256783186885129	-0.9662668875748659	0.01977012162970199	0.1076643415043834	0	0	0	1	-0.8307735010041262	-0.5552367716970417	-0.03904280723865047	0.1290004014847359	0.04257199457659099	0.00655245569833629	-0.9990704735130163	0.1273963204491983	0.5549769043897117	-0.8316647137920005	0.0181942493480562	0.1079424514469531	0	0	0	1	-0.9195871689784284	-0.3927015306753436	0.01204342733578417	0.08221544287884466	0.01433242933918359	-0.06416331466178236	-0.997836425560745	0.1214116625887256	0.3926247030190602	-0.9174250544104841	0.06463253410170441	0.1140385009837413	0	0	0	1
13	-0.9682028203632195	0.242319296373805	-0.06216162803265751	0.1311453524258452	0.05460567541440967	-0.03778109706362751	-0.9977925251818358	0.1245255994055316	-0.2441329498525967	-0.9694607550720108	0.02334762437499645	0.1073849670530596	0	0	0	1	-0.8261579020550759	-0.5621078268677799	-0.03866188140888702	0.1287806844810121	0.05538384007457774	-0.01273265246832264	-0.9983824996889424	0.1267780624446541	0.5607067863236704	-0.8269641310371716	0.04165123999018863	0.1076403795688865	0	0	0	1	-0.9288930688844319	-0.369544589825163	0.02438376981517285	0.08222457038743609	0.006642197659850719	-0.08245242868948291	-0.9965727979533116	0.1212754263402447	0.3702886510413713	-0.9255477009519185	0.07904448703960026	0.1138479174238308	0	0	0	1
14	-0.9661383355545825	0.2526895387241722	-0.05219318760801295	0.1309031355378286	0.04727761811999505	-0.02549037314971477	-0.9985560464908185	0.1245127139115559	-0.2536551236368155	-0.9672116863496192	0.01268053848668772	0.1068413198839135	0	0	0	1	-0.8283103841628748	-0.5589917005183216	-0.03777580460486239	0.1289690660585907	0.05469777131175034	-0.01358105426043435	-0.9984091425072416	0.1267649942607423	0.5575898227194858	-0.8290602132558115	0.04182529493435991	0.1074412153187345	0	0	0	1	-0.9314371011674089	-0.3635575314312754	0.01584139361437843	0.08232638202586445	0.01898725380261667	-0.09202530707038432	-0.9955755539479201	0.1212906740803585	0.3634068629831001	-0.9270153277057629	0.09261915251119106	0.1136191915020527	0	0	0	1
15	-0.9684186802613358	0.244576077449697	-0.04844806230194765	0.1315149721633518	0.04242763693805173	-0.02982780781184411	-0.9986537483470092	0.1244348944030803	-0.2456919487798343	-0.9691713225924919	0.01850889094533652	0.1070086667856403	0	0	0	1	-0.8278068353418271	-0.5594414931542109	-0.04192720170797976	0.1293380367136335	0.05400129570500048	-0.005072720078642179	-0.9985265313635563	0.1270553864549963	0.5584049180678836	-0.8288525120522664	0.03441015071079319	0.1076137187506259	0	0	0	1	-0.9219915249659218	-0.3869225557544839	0.01492190750013664	0.08282031861983333	0.02063348436855894	-0.08757574012899612	-0.9959440797512686	0.121355739631246	0.386660089115951	-0.9179442135514017	0.08872805343971457	0.1136998191004075	0	0	0	1
16	-0.9660237319833581	0.2538597185897171	-0.0485057573500527	0.1319237714605088	0.04290511719389856	-0.02755584085438737	-0.9986986219171633	0.1243877760820145	-0.2548660010947132	-0.9668485544425136	0.01572758586140343	0.1070941580350205	0	0	0	1	-0.8279437321457912	-0.5596932312738377	-0.03534806709932709	0.1294424991343878	0.04623789329731557	-0.005312430991889411	-0.9989148877837365	0.1269317991148404	0.558898544212448	-0.828681041432811	0.03027777515410476	0.1076447641957003	0	0	0	1	-0.9351067946314243	-0.3537301833994819	0.02122133725103667	0.08314839864849553	0.006010510834284127	-0.07570820850282624	-0.9971118344965048	0.1209635305269049	0.3543152462073609	-0.9322785946918903	0.07292177407700165	0.1132560087672683	0	0	0	1
17	-0.967612979559035	0.2465845112463027	-0.05404270091451292	0.132359262296516	0.04698147609603633	-0.03443475469267097	-0.9983016085925778	0.1243612277748697	-0.2480266942149801	-0.9685094397051061	0.02173448024930649	0.107047511647776	0	0	0	1	-0.8312057063173059	-0.5544942434834503	-0.04037365779861161	0.1301637255230102	0.04925583483213097	-0.001114228608061471	-0.9987841276350188	0.1271039735714274	0.5537754830429091	-0.8321850130381382	0.0282385674610265	0.1077706228469077	0	0	0	1	-0.9368786024323837	-0.3490940317111542	0.01979763084268022	0.08354299151335146	0.008543998813239896	-0.07945928039673431	-0.9968014292344628	0.1213253131010211	0.349550599613206	-0.9337128752382657	0.07742677360832073	0.1132655959817367	0	0	0	1
18	-0.9653471700156603	0.2546324655948453	-0.05715386534112375	0.1330165415080071	0.05138172590892586	-0.02926835087803624	-0.998249664873098	0.1245140490185832	-0.2558596059089106	-0.9665949924436764	0.01517053491764787	0.1071362118253863	0	0	0	1	-0.8368086927579216	-0.5455166767117735	-0.04647140700636703	0.1309852736199457	0.06470258249975017	-0.0142527887222528	-0.9978013460305828	0.1267683238005447	0.5436553472941388	-0.8379769787589291	0.04722356130515409	0.1076543241722556	0	0	0	1	-0.9306979942465909	-0.3656271623044626	0.0108683467603127	0.08411044811016381	0.02930548906557987	-0.1041467048142888	-0.9941300213856343	0.121487185145967	0.36461290311415	-0.924916426313608	0.1076444164865996	0.1134516635988957	0	0	0	1
19	-0.9645232727404435	0.2560568247736245	-0.06425865095179749	0.1337279970399235	0.05878660625014875	-0.02897585226461554	-0.9978495109501884	0.1243823046976639	-0.2573681596820815	-0.9662274632753973	0.01289504349339211	0.1072735326323811	0	0	0	1	-0.8400944827948845	-0.5397470188121098	-0.05395595533139379	0.1319626215479144	0.06712897780039037	-0.004746314738624344	-0.9977315568453058	0.1271027183604768	0.5382669499569334	-0.8418121118556108	0.04022036687121842	0.108026698357374	0	0	0	1	-0.9390224926677274	-0.3438268380299871	-0.004467401149230686	0.08494513791072256	0.02762514654009656	-0.06248329210270594	-0.9976635579480395	0.1213174022384229	0.3427444337170988	-0.936952025058665	0.06817190221546887	0.1129476074066784	0	0	0	1
20	-0.9691875913990483	0.238737928962925	-0.06065495552333382	0.1349152047854116	0.05434765020893892	-0.03292036619332307	-0.9979788049750565	0.1242229971666769	-0.2402522090332692	-0.9705259703271272	0.01893103439835873	0.10730481446075	0	0	0	1	-0.8376685105945384	-0.5433665710202508	-0.05532694162948205	0.1317882856574479	0.07450914865364185	-0.01333633640836779	-0.9971296837830601	0.1265925250824025	0.5410694985157697	-0.8393878216389961	0.05165758221750959	0.1081790068644154	0	0	0	1	-0.9525786276253277	-0.3041170690145734	-0.01033741302695101	0.08526231768806798	0.03533057125012021	-0.07679448295542267	-0.9964207100718875	0.1212293284225015	0.3022347535077929	-0.9495343960725272	0.08389783795778505	0.1122386561971773	0	0	0	1
21	-0.9683683468466975	0.2428133506972239	-0.05747897767428825	0.1355548953139702	0.05120760709219029	-0.03206646331879263	-0.9981726480642857	0.1241829482843577	-0.2442128255267799	-0.9695429990302813	0.01861812703312135	0.1071649907987336	0	0	0	1	-0.8636074153526087	-0.5016443830436567	-0.05031833710444389	0.133162902318253	0.07076522724395524	-0.02179620905389647	-0.9972533743446315	0.1260002910980032	0.4991701752508532	-0.8647975726831044	0.05432269195489355	0.1076905829303233	0	0	0	1	-0.9584253804707225	-0.2852965156894409	-0.005175723976946579	0.08555044739201481	0.02633559389077622	-0.07038081263964018	-0.997172430171491	0.121431733219153	0.2841256128287272	-0.9558517630631189	0.0749686412404689	0.1112449704085307	0	0	0	1
22	-0.965991505618628	0.2497446405884898	-0.06698834569048574	0.1359802085796095	0.06116940664727222	-0.03099784582285754	-0.9976455029403554	0.1239259284545052	-0.2512331449342706	-0.9678155590642719	0.01466679504557368	0.107246750455331	0	0	0	1	-0.8759300106585588	-0.4799385863454819	-0.04901365485915198	0.1334997994537045	0.06941866994910903	-0.02484991771045882	-0.99727660017792	0.1256300243421306	0.477413881018413	-0.8769483670168076	0.05508381728651032	0.1075436342130273	0	0	0	1	-0.9723080717225101	-0.2336447509264651	-0.005220145902926174	0.0853751035612622	0.03175275408300327	-0.1099421953978254	-0.9934305807082932	0.1214166590606681	0.2315359876406411	-0.9660864338343855	0.1143169811208309	0.1094992994089225	0	0	0	1
23	-0.9677709834782082	0.2434157460624218	-0.06455624697103601	0.1367479245130702	0.05868159264673828	-0.03131662730716789	-0.9977849727664238	0.1238816884908819	-0.2448982902605719	-0.9694164490755246	0.01602316981414506	0.106997898836083	0	0	0	1	-0.8876598819419027	-0.4569000072005838	-0.05743759563507736	0.1333863900695809	0.07846743217767692	-0.02716999162404592	-0.9965448950328607	0.1254218765430825	0.4537611102520778	-0.8891013319426628	0.05996980359766381	0.1075573141899835	0	0	0	1	-0.9731252902724201	-0.2300105168516072	-0.01106506940986265	0.08531094095754095	0.03821098916540928	-0.1139033530753318	-0.9927566602310203	0.1211782639560774	0.2270841849194871	-0.966499530211514	0.1196315952754574	0.1080425045023513	0	0	0	1
24	-0.9669455742035987	0.2466279530233962	-0.06473269128570451	0.1369618500339367	0.05901866764567789	-0.03049885454884118	-0.9977904232976281	0.1238140404129884	-0.2480573154492508	-0.9686303118186622	0.01493494984326808	0.1069756236976278	0	0	0	1	-0.9045585626664248	-0.4237699744921547	-0.04679242601494184	0.1335946414588937	0.06723335132566102	-0.03340710188179744	-0.9971763808148353	0.1250149066726497	0.421010489507377	-0.9051519086593914	0.058710450216287	0.1075110521565819	0	0	0	1	-0.9809362558991181	-0.1929590415173849	-0.02304289666967672	0.08519626234768937	0.04372466227151389	-0.1036190504191135	-0.9936554214249349	0.1213623040559869	0.1893471760370113	-0.9757202746126361	0.110081193526191	0.1060837993319452	0	0	0	1
25	-0.9685183142960666	0.2415290848725861	-0.0602941678890393	0.1375571995055973	0.05370474240053624	-0.03377933359298776	-0.9979849048497709	0.1238078631137272	-0.2430791103062642	-0.969805581597593	0.01974451526205665	0.1069866448614831	0	0	0	1	-0.931810619353963	-0.3583145395312221	-0.05776102574337176	0.1347967311360523	0.07441345339043802	-0.03284949461122588	-0.996684819851273	0.124842567110733	0.3552294423503801	-0.9330212242769597	0.05727317290883319	0.1071151636173506	0	0	0	1	-0.9830772954119762	-0.1796752659535752	-0.03572020056600643	0.08493475058969874	0.05167554562008948	-0.08491768570063185	-0.9950469804670047	0.1215095260363691	0.1757521167203089	-0.9800540490518801	0.09276591355269272	0.1039475642634981	0	0	0	1
26	-0.9686009488858301	0.2401744776758689	-0.06424820571094914	0.1375161575992179	0.05774002800148882	-0.03404477523455685	-0.9977505478098028	0.1236721112954722	-0.2418215650729766	-0.9701326619940043	0.01910798996581443	0.1070463901607319	0	0	0	1	-0.9449445872278297	-0.323128528017705	-0.05161704377047774	0.1344961855868624	0.06526534124293257	-0.03154067728797456	-0.9973678939774148	0.1245121445214571	0.3206501386248562	-0.9458277557485234	0.05089349081552019	0.1069523472268829	0	0	0	1	-0.9859963489405195	-0.1628347291120509	-0.03600216780513508	0.08451649942803606	0.05242892608771212	-0.09773414703527701	-0.9938305194254287	0.1216633918599212	0.158311543756554	-0.9818009172441815	0.1049032094559472	0.101686537378979	0	0	0	1
27	-0.9679604404040772	0.241742635775133	-0.06791534369270254	0.1375935210738008	0.06265415475951155	-0.02939399999901914	-0.9976019053053331	0.1234812521534191	-0.2431592503989993	-0.9698952000746111	0.01330591953389838	0.1071766834361687	0	0	0	1	-0.9619520326536402	-0.2643330301187661	-0.0690865651622881	0.1350264437531105	0.0797937232031156	-0.02997530592004406	-0.9963591297730364	0.124351281985283	0.2612998234017465	-0.9639639690933437	0.04992708266993705	0.1068194591365757	0	0	0	1	-0.9897321117289201	-0.1341580528867618	-0.04931601952190265	0.0842311968982407	0.06143874553290218	-0.08777406361881636	-0.9942438645273567	0.1215964636022817	0.1290572154561088	-0.9870650861035948	0.09511576552005979	0.09934087059278028	0	0	0	1
28	-0.9662115387996056	0.2467571513314393	-0.07446866258439239	0.1371980439327564	0.06802594732005007	-0.03454479419048589	-0.9970848716643392	0.1235099696076806	-0.2486103600660987	-0.9684615499731266	0.01659156000415223	0.1073876459841557	0	0	0	1	-0.9715445824290876	-0.2252527343287016	-0.07320467541480263	0.134609072167457	0.08127066726808591	-0.02673745991651824	-0.9963319008733355	0.1243456130428602	0.2224692160577707	-0.973931885401447	0.04428319491043711	0.1067417440366515	0	0	0	1	-0.9917702898181835	-0.1186311335456395	-0.04815034082787645	0.08397450333487318	0.05636058832883212	-0.06685175953899436	-0.9961697709399882	0.1219867092599766	0.1149578775835426	-0.9906854445299182	0.07298816976590036	0.09666678586595208	0	0	0	1
29	-0.9685429724941651	0.240628639953467	-0.06341749079258974	0.1370366591759409	0.05923830948744156	-0.02456945600671135	-0.9979410176679138	0.1234447353503995	-0.2416913558067905	-0.9703063473877206	0.009542011835661111	0.1073244330126206	0	0	0	1	-0.9785636826578035	-0.1929050892199962	-0.07209240729880756	0.1334457236934672	0.07934874512893143	-0.03015192008765688	-0.9963893374500525	0.124265947664914	0.1900348513524053	-0.9807525129995917	0.0448124489137145	0.1071889156282345	0	0	0	1	-0.9942007047354398	-0.09238685456657128	-0.05504307013242701	0.08371368823613232	0.06499936563139988	-0.1084685257584563	-0.9919725354766171	0.1219767244496715	0.08567484153705282	-0.9897976569108994	0.1138450265612556	0.09432226881097411	0	0	0	1
30	-0.9679945665277611	0.2401532718436706	-0.07288576167793653	0.1365049940616972	0.06759482629293632	-0.03020703700356074	-0.9972550258438582	0.1232811599232707	-0.241695752924306	-0.9702649891928836	0.01300699989099328	0.107433668837394	0	0	0	1	-0.9877735450512479	-0.139016911587815	-0.07052838353499964	0.1331268496097396	0.07584510230731109	-0.03332476241506041	-0.9965611170665998	0.1237472328080263	0.1361884475708313	-0.9897276201003622	0.04346112767574327	0.1070691299693702	0	0	0	1	-0.9966933310977995	-0.05914492686739563	-0.05571713434507554	0.08369762364906073	0.06169653563808664	-0.1046204622631591	-0.9925965690871114	0.1218550155694602	0.05287795889365789	-0.9927520285070777	0.107924013820433	0.09195396113347336	0	0	0	1
31	-0.9682628605459158	0.2394840780665636	-0.07151096561787824	0.1358599921133749	0.06562208102468041	-0.0324848301320071	-0.9973151914884892	0.1232706053437679	-0.2411641634238341	-0.9703568006043569	0.01573828119739402	0.1073440900416491	0	0	0	1	-0.9942232362788094	-0.09039286768582937	-0.05784260895797601	0.1326685345367428	0.06119290328918398	-0.03474869205738729	-0.9975194528378913	0.1232001745823846	0.08815857377022696	-0.995298277582552	0.04007937562967741	0.1068130587595795	0	0	0	1	-0.997660062210439	-0.02763386223485952	-0.06253712615689554	0.08332705856910191	0.06522416070004815	-0.1103900003476686	-0.9917457863555447	0.121984055446012	0.02050235187888409	-0.9935041877538568	0.1119345517715766	0.08976956682307188	0	0	0	1
32	-0.9644932892745727	0.2517543964826678	-0.07982375062577421	0.1350233700833008	0.07213697048760083	-0.03963112704094279	-0.9966066158166592	0.1232291242731782	-0.2540636353035867	-0.9669794754472988	0.02006302616434926	0.107333716094372	0	0	0	1	-0.9950163656191526	-0.07253028508746626	-0.06839792919413681	0.1311100040783346	0.07106297980918186	-0.03483080788968657	-0.9968620539782598	0.1235708325559834	0.06992019843766019	-0.9967563273206969	0.03981144524047148	0.1069625737122932	0	0	0	1	-0.9985276913005933	0.006395512602920893	-0.05386721935138988	0.0835390114802828	0.05280903764602332	-0.1124130255447467	-0.9922572051487304	0.1219049882746032	-0.01240131243605738	-0.9936410633169536	0.1119102421229826	0.08765569943507	0	0	0	1
33	-0.9622544690044422	0.2593739719788813	-0.08240688304516416	0.1340209941671426	0.0753688425212817	-0.03698127509730832	-0.9964692857792685	0.1233162978643788	-0.2615057414445591	-0.9650687728174072	0.01603655192697322	0.1071640175310104	0	0	0	1	-0.9991240765383412	-0.005112266944467453	-0.04148921644076698	0.1314076363976877	0.04162470152640647	-0.03028501196269853	-0.9986727853551629	0.1235473148303725	0.003848766440549031	-0.9995267311403279	0.03047122022545665	0.1067712274913551	0	0	0	1	-0.9980664917077678	0.01776350220637392	-0.05956397896735095	0.08302165823720009	0.05749356729042412	-0.1003245119523628	-0.9932921713797533	0.1216377466098079	-0.02362001591231955	-0.9947962625050965	0.09910971429439352	0.08615069348453247	0	0	0	1
34	-0.9648384952983038	0.2512369552529179	-0.07724042171331302	0.133417977944346	0.07042499767884154	-0.03602042519305426	-0.996866070663513	0.1234756899822956	-0.2532318622190486	-0.9672552556586993	0.01706040110340445	0.1070819519055076	0	0	0	1	-0.9987459980498528	0.02821929834137224	-0.04130977115724721	0.1309725435330946	0.0412176444814765	-0.003813832028717809	-0.9991414740706134	0.1247932934875506	-0.02835288806579717	-0.9995929818547842	0.002645779823470251	0.1068229233877991	0	0	0	1	-0.9973728499452824	0.06273174021179481	-0.0362252599102755	0.08291933038065799	0.02997088193281538	-0.09792056674544145	-0.9947427616507071	0.1211394156046967	-0.06594908437213423	-0.993215205774396	0.0957836597244132	0.08460942266381094	0	0	0	1
35	-0.9639850409591106	0.2556340959061667	-0.07337209413358949	0.1326708825831692	0.06717685895479501	-0.03289502155347261	-0.9971982251446732	0.1234311369816	-0.2573314764627843	-0.9662139177648261	0.01453748407176614	0.1068276610436373	0	0	0	1	-0.9982890031734365	0.04822556098548941	-0.0330111390914906	0.1300552209013735	0.03245833549318392	-0.01218707229642553	-0.9993973539400848	0.1245682075223658	-0.0485990915436481	-0.9987606189790614	0.01060076343361728	0.1066459323229391	0	0	0	1	-0.994469967745148	0.09595793157020101	-0.04268145217569094	0.08283474418206611	0.03288246790916718	-0.1014751440286939	-0.9942944175257843	0.1210386828658734	-0.09974148514282093	-0.9901994870309461	0.09775912079944291	0.08282546807856062	0	0	0	1
36	-0.9635654926095808	0.2589909189341699	-0.0668181231970766	0.1318493745841666	0.06009760517144211	-0.03378948815587884	-0.9976199985559026	0.1233037134741879	-0.2606323035527261	-0.9652886525361305	0.01699352129821051	0.1068439863159231	0	0	0	1	-0.9963071381697295	0.08293537787753472	-0.02213942584934831	0.1299350114913405	0.02125212733459455	-0.01155798585634145	-0.9997059144400099	0.1241955764562641	-0.08316719674647552	-0.9964863970703346	0.009752589843781301	0.1065859496168933	0	0	0	1	-0.9946659172114235	0.09538013408840471	-0.03927455947231805	0.08233708136597383	0.03338819635275185	-0.06254612437540003	-0.9974833817838104	0.1209824777644616	-0.09759651009947334	-0.9934740892193008	0.05902840693795715	0.08208273182884303	0	0	0	1
37	-0.9616420794595412	0.2625245240117374	-0.07952862118482468	0.1306702141147645	0.07395776960139959	-0.03105038441482273	-0.996777424799331	0.1233271094154585	-0.2641479465731338	-0.9644257131761488	0.01044350014248259	0.1066710488698336	0	0	0	1	-0.9952881249575924	0.09544642674121842	-0.01696646168920564	0.1285151425552304	0.01506637784087754	-0.02058569791103528	-0.9996731463455218	0.1241079584492057	-0.09576482483680913	-0.9952201827489282	0.01905051719323186	0.1064362665241053	0	0	0	1	-0.9933603756989189	0.09490313429749291	-0.06502849402758323	0.081733839156753	0.05277623141512387	-0.1263422009652717	-0.990581722601957	0.1206746184168896	-0.1022250981425238	-0.9874366799744615	0.1204951724912188	0.08116098023128276	0	0	0	1
38	-0.9614960557918939	0.2635644469216902	-0.07783658430041603	0.1294089636158363	0.07250590193316203	-0.02990800974587731	-0.9969190124457231	0.1232043286699299	-0.2650803788136296	-0.9641781482626148	0.009646327853636137	0.1064039563312637	0	0	0	1	-0.9900180059739805	0.1407196541908571	-0.007657181559661587	0.1280298657529707	0.004417303512763329	-0.02331673996989575	-0.9997169594473948	0.1237127632114777	-0.1408587390822762	-0.9897733639821509	0.02246221529045071	0.1063845625214015	0	0	0	1	-0.9939662725806813	0.1003654132999811	-0.04424908140257255	0.080947192962667	0.03217233416905216	-0.1189046781718033	-0.9923842264162971	0.1201408078843292	-0.104862420282533	-0.9878201328810868	0.1149587175354739	0.07982504265361499	0	0	0	1
39	-0.9636357536566507	0.2559168217477608	-0.07689036844087928	0.1284245785832075	0.0718037888188412	-0.02917511824157879	-0.9969915447842272	0.1232362935136399	-0.257390226186476	-0.966258558118548	0.00973826176260794	0.1061801854570651	0	0	0	1	-0.9825831441166969	0.185800023507078	0.002235501559842586	0.1272627629602736	-0.00677035563355627	-0.02377266290040922	-0.9996930631361166	0.1232558460562111	-0.1856902697537248	-0.9822984349220731	0.02461634827183935	0.1063988219700267	0	0	0	1	-0.9899077575015115	0.1368539550733446	-0.03679377307614588	0.08001301919135584	0.02461835584750927	-0.08961845779513197	-0.995671797475028	0.1202162543072972	-0.1395589678058088	-0.9865291078353591	0.08534536166607427	0.07867880774101509	0	0	0	1
40	-0.9608771627439229	0.263314130675291	-0.08590787284500526	0.126495825343173	0.08159010887932402	-0.02731053309348038	-0.9962912729824152	0.1231627074325313	-0.2646837936118034	-0.9643236031976435	0.004758112514056237	0.105912927300536	0	0	0	1	-0.9803154999618842	0.1971785701054891	0.009919729366406858	0.1250287210102639	-0.01528650633609756	-0.02571106853744984	-0.999551136070276	0.1232475028685829	-0.196835444870548	-0.9800288546429532	0.02821892807769309	0.1061172022676224	0	0	0	1	-0.9827329224195239	0.1820909893943038	-0.03284870634549024	0.07903910640774339	0.007655206743822008	-0.137367089745073	-0.9904905321490741	0.1191220454991029	-0.1848716806431427	-0.9736392082489269	0.1336016803663661	0.07673765130103738	0	0	0	1
41	-0.9593374327625925	0.2680071810357832	-0.0885621724821736	0.1244951655629358	0.08470436422626662	-0.02594676403257833	-0.9960677926268016	0.1231475470760787	-0.2692512565095836	-0.9630675597613655	0.002190198433947712	0.105475980519612	0	0	0	1	-0.9740647312897922	0.2260119894217648	-0.01061936298465309	0.1238797313403674	0.005945720339703694	-0.0213464947732533	-0.9997530469553507	0.123223187864553	-0.226183325569893	-0.9738890651842605	0.01944882477757637	0.1057726625750143	0	0	0	1	-0.9908627812775195	0.1019831440604905	-0.08826399405555435	0.07850864431173166	0.07928434791041317	-0.08898545018688449	-0.9928723240781977	0.1209133999727735	-0.1091103943569438	-0.990798254734938	0.08008717884383432	0.07601607381820095	0	0	0	1
42	-0.9573215692386358	0.2739164865167598	-0.0922203378770835	0.124329635914427	0.08821742083177532	-0.02692357786808705	-0.9957368725927386	0.123155688575625	-0.2752316807396138	-0.9613766627520742	0.001610190498128054	0.105851196951768	0	0	0	1	-0.9743609926871486	0.2222139649246147	-0.03518428933391424	0.1233097708619271	0.0326143505867381	-0.01522231117134261	-0.9993506517579303	0.1237357846339085	-0.2226057258122288	-0.9748775505272683	0.007584402877205978	0.1062556488765171	0	0	0	1	-0.9827329303008284	0.182090953606212	-0.03284866894575371	0.07720665266981627	0.004919581310950363	-0.1517548350489537	-0.9884058217536698	0.1206089304821844	-0.1849646526323372	-0.9715006475845859	0.1482391218747271	0.07663341211255252	0	0	0	1
43	-0.9569855053019929	0.2707812992509965	-0.104190437584218	0.1247959523479319	0.1009737664204117	-0.02582375667419426	-0.9945534395388116	0.122932693003921	-0.2719970946301681	-0.9622945650279831	-0.00262897126264976	0.1060885601789361	0	0	0	1	-0.9766850942110172	0.2145698721525602	-0.00650262187768352	0.1234452966497504	0.00377854885227543	-0.0131001453511071	-0.9999056401435503	0.123689973020214	-0.2146352683355109	-0.9766192500883726	0.01198370851486438	0.1062879233038109	0	0	0	1	-0.9751900543526558	0.2008681507726652	-0.0930403755344632	0.07729839620179658	0.06587822435238165	-0.1379182630396939	-0.988250189004128	0.1204698507183471	-0.2113399033527986	-0.9698611716779406	0.1212641465395131	0.07671246619252803	0	0	0	1
44	-0.9576866740423984	0.2724502372446213	-0.09277133821784178	0.124204118277108	0.08814038847944919	-0.02921512506161801	-0.9956790953547968	0.1230021061685316	-0.2739833656096441	-0.9617263399783768	0.003964940238562436	0.1059823892475635	0	0	0	1	-0.9759282055521107	0.2177024580818952	-0.01288691766429472	0.1227795981959033	0.009836283286410334	-0.01508774213703917	-0.9998363765828577	0.1236026000511699	-0.2178617319260451	-0.9758970249310469	0.01258292361543842	0.1062876627762131	0	0	0	1	-0.9808176176003146	0.1701378363208151	-0.0951318994598907	0.07689500068303384	0.07306254017224792	-0.1315829633809512	-0.9886089316444461	0.1203406214371489	-0.1807174688007508	-0.9765957167647128	0.1166286532556436	0.07648191758974132	0	0	0	1
45	-0.9560543196086015	0.2769150757864225	-0.096320292219605	0.1232172272958796	0.09166065612790032	-0.02975439070751136	-0.9953452231255606	0.1231861480036082	-0.2784920832383284	-0.9604337173126761	0.003064470627910178	0.1059797620293591	0	0	0	1	-0.9759151038319765	0.2178253127220096	-0.01175317069474859	0.1219668899065528	0.01131720909214473	-0.003245912328920145	-0.9999292736578033	0.1242828287338742	-0.217848525333215	-0.975980840323043	0.0007022910612380084	0.1063329388662372	0	0	0	1	-0.9809525211459795	0.1789540719113886	-0.07554967951152131	0.07602855698153176	0.05343145704561489	-0.1253468028399891	-0.9906730494574403	0.1206645795995991	-0.186754833824076	-0.9758400344151447	0.1133979531854398	0.07695534997676512	0	0	0	1
46	-0.956566025453505	0.2740887148978474	-0.09927856673022985	0.1233600693953421	0.09503116000838094	-0.02876597929602554	-0.9950581438961195	0.1233415916848626	-0.2755900867702487	-0.9612742080780113	0.001469464654920212	0.1060282272665394	0	0	0	1	-0.975166975094641	0.2206322348292879	-0.01915961363130038	0.1221025836296058	0.01800167924776433	-0.007254906457613577	-0.9998102144091012	0.1242203479159797	-0.2207298333436091	-0.975328553244232	0.003102727938849248	0.1065097560078667	0	0	0	1	-0.9758022260196674	0.1985758904721269	-0.09153031444814425	0.07579517741215831	0.07625791149807977	-0.08325505176921902	-0.9936061604213219	0.1216422030072665	-0.2049265330071774	-0.9765430690355295	0.06609795981773611	0.07688889013196377	0	0	0	1
47	-0.954178327108634	0.2777110841232575	-0.1114436731173087	0.1234579242175415	0.1082446980206085	-0.02687555718768695	-0.9937604854563736	0.1232143640815951	-0.2789734463655695	-0.9602887412107659	-0.004416802011240013	0.1060657772234083	0	0	0	1	-0.97604768986051	0.2163160038700268	-0.02312147882888619	0.1226249160894526	0.02259664913814783	-0.004896472284766015	-0.9997312478194994	0.1241244102560262	-0.216371550035023	-0.9763095894826745	-0.0001090961443701577	0.1063046364098284	0	0	0	1	-0.9840751909277262	0.1578855344847561	-0.08165987241548851	0.07588819545880079	0.06720042499506466	-0.09485353428696956	-0.9932204047338422	0.121035349718867	-0.164560805729587	-0.9828912038658998	0.08273350977490132	0.07731893650551734	0	0	0	1
48	-0.9569889241894419	0.2681525224423189	-0.11075124644492	0.1239201870298473	0.1068178467056739	-0.02926102752480762	-0.993847499995562	0.1232948603722816	-0.2697434428385335	-0.9629320979649785	-0.0006411207680385202	0.1059736224636762	0	0	0	1	-0.9781830443734802	0.2072126540341457	-0.01473591875074267	0.122421883481627	0.0136483759317888	-0.006673912672795712	-0.9998831660383667	0.1241819667406569	-0.2072872466736042	-0.9782716281200854	0.00369993562101395	0.1062561924243737	0	0	0	1	-0.9824436085828728	0.1652358797854123	-0.08661304551372419	0.07582652216106324	0.0717536837044285	-0.09387995475659182	-0.9929943741918947	0.1208624712411122	-0.1722094716641231	-0.9817758459697739	0.08037595381909775	0.07750198616937357	0	0	0	1
49	-0.9555371846434576	0.2782489977623676	-0.09759920243373554	0.1241605702382683	0.09325526983833043	-0.0288384107812602	-0.9952240518256981	0.1235165260696333	-0.2797347346353727	-0.960076064498574	0.001607863274813659	0.1058694212893439	0	0	0	1	-0.9811223959351613	0.1933710498674665	0.001661862024996349	0.1226176927519843	-0.003756331965338195	-0.01046178595813688	-0.9999368136631162	0.1244883844612297	-0.1933418818142726	-0.9810683929241025	0.01099042527842467	0.1060560618935449	0	0	0	1	-0.9799327133918742	0.1756064203203616	-0.09431025530416966	0.07620456006159838	0.07989999667697291	-0.0874112091079379	-0.9929628103272879	0.121681058332659	-0.1826143615841522	-0.9805721897279064	0.07162662796503522	0.07763329715627393	0	0	0	1
50	-0.9575602688761542	0.2725726965882846	-0.0937116593279371	0.1249824234172058	0.08907467177906761	-0.02936548177606028	-0.9955915246479147	0.1236450086310988	-0.2741229882147173	-0.9616870602591424	0.003839769213972189	0.1058054893595552	0	0	0	1	-0.9825106397301137	0.1861961439998424	0.0003499769262267916	0.123622186226589	-0.002478567239601272	-0.01119574344218099	-0.9999328481195541	0.124515668735504	-0.186180150984016	-0.9824472783693423	0.01146120934299978	0.1059593101490989	0	0	0	1	-0.9826446219777785	0.1712313344760356	-0.07134099854703957	0.07640687881340891	0.06219284768184843	-0.05821484741928243	-0.9963648812130785	0.1214052984884226	-0.1747619349191928	-0.9835095399825718	0.0465556247278911	0.0785641513820587	0	0	0	1
51	-0.9564618200818342	0.2764267176422761	-0.09364014388687437	0.1262333373620921	0.08899522323182693	-0.02933010759078372	-0.9955996723782355	0.1233658622792948	-0.2779568587355773	-0.9605874363520748	0.003452344937370837	0.1057641631642596	0	0	0	1	-0.9846464717577812	0.1745461944710213	0.001112159683794335	0.1253751926716552	-0.002761553186535806	-0.009203200908442011	-0.9999524306407472	0.1244356288387411	-0.1745280738959206	-0.9846044538674832	0.009543694695220192	0.1060272391406632	0	0	0	1	-0.9832379775191635	0.1732237515523654	-0.05689264394306402	0.07696573524916246	0.04646431180043326	-0.06367568763107935	-0.9968883397660145	0.1211406137264116	-0.1763073583100419	-0.9828220043863782	0.05456011259126811	0.07918390933483897	0	0	0	1
52	-0.9596429154246024	0.2676098545169702	-0.08642834084666191	0.1272197441457051	0.08139004552479599	-0.02988495126027763	-0.9962337389831954	0.1235491380532732	-0.2691849061803587	-0.9630638939181542	0.006897976690829793	0.1058501994326305	0	0	0	1	-0.9903756919202187	0.1380532440575391	-0.009674699904075244	0.1261816693600143	0.008120625712859174	-0.01181095457904317	-0.9998958599828811	0.1243766702680241	-0.1381535138548742	-0.9903528697611184	0.01057600694009193	0.1058868956997248	0	0	0	1	-0.9900462797330655	0.1328834522775488	-0.04637355119960984	0.07754022772312974	0.03534536753420166	-0.08418156047024601	-0.9958232957664581	0.1214908339959926	-0.1362321778506	-0.9875503058532354	0.0786473021801217	0.08068373469847204	0	0	0	1
