nColumns=49
nRows=48
DataType=double
version=3
OpenSimVersion=4.3-2021-06-17-d472a7585
endheader
time	femur_distal_r_T11	femur_distal_r_T12	femur_distal_r_T13	femur_distal_r_T14	femur_distal_r_T21	femur_distal_r_T22	femur_distal_r_T23	femur_distal_r_T24	femur_distal_r_T31	femur_distal_r_T32	femur_distal_r_T33	femur_distal_r_T34	femur_distal_r_T41	femur_distal_r_T42	femur_distal_r_T43	femur_distal_r_T44	tibia_proximal_r_T11	tibia_proximal_r_T12	tibia_proximal_r_T13	tibia_proximal_r_T14	tibia_proximal_r_T21	tibia_proximal_r_T22	tibia_proximal_r_T23	tibia_proximal_r_T24	tibia_proximal_r_T31	tibia_proximal_r_T32	tibia_proximal_r_T33	tibia_proximal_r_T34	tibia_proximal_r_T41	tibia_proximal_r_T42	tibia_proximal_r_T43	tibia_proximal_r_T44	patella_r_T11	patella_r_T12	patella_r_T13	patella_r_T14	patella_r_T21	patella_r_T22	patella_r_T23	patella_r_T24	patella_r_T31	patella_r_T32	patella_r_T33	patella_r_T34	patella_r_T41	patella_r_T42	patella_r_T43	patella_r_T44
1	-0.9724401905699587	0.2213754655453801	0.07316002443103797	0.1273812422635297	-0.069465485122988	0.02443959910439157	-0.99728448874128	0.1144024489127083	-0.2225623519182385	-0.9748824634618286	-0.008388218742088605	0.1193819568393523	0	0	0	1	-0.9692514701723429	-0.2328325710686773	0.07960507253685097	0.1252047854716112	-0.08088954870827937	-0.004044846687446702	-0.9967135046932762	0.1166494239980256	0.2323893663173767	-0.9725068825215509	-0.01491323373334273	0.1193380937541535	0	0	0	1	-0.9780046603138499	-0.1632501287095103	0.1298323218146486	0.07408253438727656	-0.1252696878956904	-0.03798279342465213	-0.9913953307361288	0.1065694512759343	0.1667768778944976	-0.985853364594965	0.01669752044658615	0.1107308722302912	0	0	0	1
2	-0.973093737704301	0.2187798050348331	0.07227298127330274	0.1274957104407111	-0.06865552475099115	0.02410235422775409	-0.9973487828166877	0.1145100817938967	-0.2199417534537861	-0.9754766433620135	-0.008433532137341247	0.1194665386408852	0	0	0	1	-0.9601534042777846	-0.2684017915430612	0.07786099307889857	0.1246366018957402	-0.07977297955902224	-0.003794773135884125	-0.9968044744494466	0.1170472386913313	0.267839618213822	-0.9632980231892327	-0.01776761172095029	0.1193707496877512	0	0	0	1	-0.9770636598053626	-0.1774313736799637	0.117749144609001	0.07405346124609716	-0.1120175465903558	-0.04201626996842664	-0.9928175002478105	0.1068577615506657	0.1811044208321736	-0.9832359301282707	0.02117760439195848	0.1120162961571852	0	0	0	1
3	-0.9755747196112172	0.2090591507102727	0.06743622186778743	0.127400094547709	-0.06416439928798923	0.02240086086129087	-0.9976874413340308	0.1146329603303223	-0.2100863505085317	-0.977646501171151	-0.008439683461168287	0.1195962368441307	0	0	0	1	-0.957205203717127	-0.2798105004723063	0.07389662770408807	0.1251971255624857	-0.07763410778890495	0.002279497303336805	-0.9969779504494886	0.1171808936508797	0.278796507122208	-0.9600509836484951	-0.02390475441072189	0.119596374988234	0	0	0	1	-0.9713212421172837	-0.2091734476708765	0.113056005982216	0.0739164782846326	-0.1091815811543326	-0.03001503812036985	-0.9935685070198083	0.1070144508875453	0.2112215998654149	-0.9774178839571824	0.006316815022090111	0.1137011602003348	0	0	0	1
4	-0.9748440283359927	0.2160230110078983	0.05488704097182199	0.1268687212465408	-0.05106645842008229	0.02323239505479011	-0.9984245445948698	0.1145744486329329	-0.2169578659384616	-0.9761119417619685	-0.01161655526631862	0.1196198002015425	0	0	0	1	-0.9487579011190903	-0.3090867433388346	0.06572894469550147	0.1249401429924788	-0.06871088600165751	-0.001242720819710053	-0.9976344741639304	0.1170812444409275	0.3084373652912938	-0.9510314633197572	-0.02005852289701782	0.1196849936852679	0	0	0	1	-0.9687994350188445	-0.223284460056398	0.1075725328715827	0.07381045380229312	-0.1037397008259566	-0.02885980883164344	-0.9941856395493431	0.1072748039968393	0.2250907960824645	-0.9743260824460916	0.004796359838522973	0.1150774247401779	0	0	0	1
5	-0.9739948128298094	0.2215213115353419	0.0475586260740431	0.1264417571074461	-0.04319760696938275	0.02449280299950089	-0.9987658221183779	0.1146474446953359	-0.2224127911861868	-0.974847998126944	-0.01428679553018568	0.1198709471078557	0	0	0	1	-0.9397343101561352	-0.3395160359794869	0.04030893599982494	0.1244148520633153	-0.04055922122015292	-0.006363965296940277	-0.9991554877512211	0.1171351064729498	0.3394859717105503	-0.9405771444945048	-0.007789963229554969	0.1200638442517565	0	0	0	1	-0.9667940339294734	-0.2348481238197729	0.1007759769656358	0.07374947466419966	-0.1005318053791522	-0.01304288286788038	-0.9948483075173445	0.1075618614335136	0.2349527385814288	-0.9719446463395185	-0.01099946720263212	0.1165837519544132	0	0	0	1
6	-0.9742058759796505	0.2204675077199994	0.04812897990685268	0.1261412006380482	-0.04385981047970358	0.02422133610147193	-0.9987435817352731	0.1147687007762193	-0.2213562887787323	-0.9750936433145343	-0.013927027970645	0.1200804371634455	0	0	0	1	-0.9311085887510117	-0.3624641267611922	0.04065826643145729	0.124352890996615	-0.04265769413548461	-0.002490701375291143	-0.9990852608636507	0.1172926023216823	0.3622339936891791	-0.9319927879038908	-0.0131426575598735	0.1203186612021424	0	0	0	1	-0.9569136705507462	-0.2721223301478748	0.1013203184870267	0.07367378770790259	-0.09617983635634741	-0.0321981258926968	-0.9948430113861007	0.108038976721683	0.2739813926033902	-0.961723906184677	0.004638592476923664	0.1183081119243964	0	0	0	1
7	-0.9725942363727951	0.2292809639029859	0.03860185430547782	0.1253357663542416	-0.03381791452559559	0.0247591308171438	-0.9991208294547073	0.1149137371325744	-0.2300351677071275	-0.9730454425915153	-0.01632690620686712	0.1201801584013766	0	0	0	1	-0.9160359994470744	-0.396185992394814	0.06253998999911897	0.1234850394475109	-0.05970555938107323	-0.01949747754996416	-0.9980242292661581	0.1170830448799369	0.3966227968673282	-0.9179616066515455	-0.005793962421133433	0.1204786123238988	0	0	0	1	-0.957558811966404	-0.2671625328474961	0.1081917168425221	0.07346045645260976	-0.106169508456998	-0.0220466725904172	-0.994103559008616	0.1080180262685044	0.267972562776149	-0.9633993351011957	-0.007253079023103903	0.1194516704094982	0	0	0	1
8	-0.9746023316593014	0.2213366807738074	0.03405551714711127	0.1250022114061426	-0.02935634213139786	0.02448684879274586	-0.9992685810672742	0.1150360523592498	-0.2220087355294933	-0.9748900842122949	-0.01736742686787178	0.1203548344499853	0	0	0	1	-0.9014812932344987	-0.4299618444355198	0.04960726424698273	0.1224574457173831	-0.04740808103754345	-0.01583475600357204	-0.9987487096506088	0.1174601141736734	0.4302096011242228	-0.9027065283462143	-0.006108752500319767	0.1207566665405181	0	0	0	1	-0.9488084336979961	-0.2935248397988432	0.1166442134190155	0.07347678023705867	-0.1165961138214901	-0.01772460629685443	-0.9930211951844478	0.1080626055925604	0.2935439314423144	-0.955787194074031	-0.01740615329574369	0.1208466206749233	0	0	0	1
9	-0.9750536152958759	0.2191591681297323	0.03520106565716727	0.1245475325916784	-0.03097284220810656	0.02269991238548434	-0.9992619752232194	0.1152021073552239	-0.2197965165658478	-0.9754251285042824	-0.01534577212007303	0.1203324104546292	0	0	0	1	-0.8805145301898707	-0.4731762498798396	0.02819675021842623	0.1211011212870176	-0.02662864996769787	-0.01001537600251454	-0.9995938318940367	0.1179773897144621	0.4732667601092204	-0.8809091509799073	-0.003781146446818054	0.121371158589825	0	0	0	1	-0.9392131178636143	-0.327371843382425	0.1034724026011106	0.073175442962472	-0.1068348108366462	-0.007747208950122542	-0.9942465610373979	0.1084917539601051	0.3262900239476152	-0.9448639111094784	-0.02769798814907129	0.1223297762000706	0	0	0	1
10	-0.9718383768225192	0.2341972038316025	0.02610081463566854	0.1236509312711342	-0.02124331635672812	0.02324014442645179	-0.999503734346703	0.1152845053271202	-0.2346875991517797	-0.9719114021965776	-0.01761066082579441	0.1207074036743091	0	0	0	1	-0.8808017360780956	-0.4698624978677615	0.05843073846613073	0.1214186525392992	-0.05373046167862984	-0.02342164622785624	-0.9982793821855099	0.117629471127655	0.4704228824244028	-0.882427143209232	-0.004615891848346237	0.1211446909912189	0	0	0	1	-0.930457654080328	-0.3522544590503521	0.1008240622583266	0.07297559342741232	-0.1087270385827413	0.002668944064792816	-0.9940680248460007	0.1085849974785864	0.3498958735762517	-0.9359005430172306	-0.04078248681413058	0.1235192796182877	0	0	0	1
11	-0.9728234081902692	0.2301523266491883	0.02537587560469152	0.1230370036330556	-0.02233087761808345	0.01582578525617326	-0.9996249175658631	0.11537222602362	-0.2304676262132325	-0.9730260322181579	-0.01025631469427229	0.1207660296412037	0	0	0	1	-0.8683747450083874	-0.4916029869436686	0.06518001380203425	0.1207778394767507	-0.06104494967598517	-0.02447003822452365	-0.997833654492974	0.1179119617294073	0.4921332801686389	-0.8704738502357868	-0.008760497354563371	0.1213873858019005	0	0	0	1	-0.9317199605571705	-0.3493701313792084	0.09918955177013443	0.07288320027411467	-0.1068482434315509	0.002666202393032308	-0.9942717307786972	0.1088626302815204	0.3471044587386702	-0.9369810863982785	-0.03981330149860179	0.1245101085186545	0	0	0	1
12	-0.9712607645972577	0.2376495164859282	0.01321546872251397	0.122319917789211	-0.009305547150948513	0.01756670415293621	-0.9998019386293255	0.1154384670592661	-0.2378346322482474	-0.9711922191484179	-0.0148505141950694	0.1209536750561244	0	0	0	1	-0.8549492306511125	-0.5154954221255847	0.0576449811580208	0.1199075285779939	-0.05364786504283502	-0.02266070248280087	-0.9983013872349047	0.1178997712633181	0.515926417897248	-0.8565908975803518	-0.008281240492366018	0.1219079777704343	0	0	0	1	-0.9171223826409274	-0.3848038831844667	0.1039838916728793	0.07254923168713795	-0.1122906789069702	-0.0008878866507854299	-0.993674967710112	0.1090761263192457	0.3824623850667785	-0.9229980155702802	-0.04239516011428171	0.1254559265798535	0	0	0	1
13	-0.9730392167211859	0.2288127284459765	0.02896255760171456	0.1220432734921455	-0.0248796784888567	0.0207088548640606	-0.9994754840965157	0.1156900319077106	-0.229292526418546	-0.9732502694305037	-0.01445786358956215	0.1210430649360308	0	0	0	1	-0.8438561408114816	-0.5345791811802081	0.04613682318520147	0.1190310141899884	-0.0471018008728836	-0.01185191633142815	-0.9988184027480213	0.118396928689341	0.5344946988213758	-0.8450335109419818	-0.01517809046637703	0.12221440756385	0	0	0	1	-0.9164460845908519	-0.3878399840034372	0.09852340466519179	0.07248227695852751	-0.1055828296946403	-0.00312246320008977	-0.9944055717527936	0.1092286429202863	0.3859779493871357	-0.9217215146859716	-0.03808724697878973	0.1261340056979253	0	0	0	1
14	-0.9722127026842008	0.2320156760557084	0.03115444911042074	0.1218274321948626	-0.02611559621552225	0.02475836468358937	-0.9993518382320916	0.1157606784244113	-0.2326366581695092	-0.9723970165307111	-0.01801129076821514	0.1210689895913775	0	0	0	1	-0.8500242032993902	-0.5229918033594052	0.06273029229631266	0.1195542313858715	-0.0770887555254187	0.00570600205080575	-0.9970065436834094	0.1188654105421605	0.5210686391212278	-0.8523168534332962	-0.04516685546744861	0.1220553996505089	0	0	0	1	-0.9128443430473083	-0.3957608479778151	0.1004425106125432	0.07243332810949635	-0.1070087992372439	-0.00551247655630796	-0.9942427529748612	0.1092802517356234	0.3940361145296964	-0.9183371480090095	-0.03731743561745851	0.1265231096843988	0	0	0	1
15	-0.9703837720335629	0.2413455562838738	0.01034759667346767	0.1214461939096075	-0.006083412318322504	0.01840672848744578	-0.9998116237612906	0.1156975969004667	-0.2414905907462372	-0.9702647695982977	-0.0163935080829575	0.1211169044767485	0	0	0	1	-0.8439299166345222	-0.533649651380806	0.05474511560989372	0.1189195835506614	-0.06363917167365628	-0.001738216585944766	-0.9979700909197828	0.1188231681483026	0.5326619009623349	-0.8457020939262275	-0.03249388401462571	0.1220825323507028	0	0	0	1	-0.9075745425369479	-0.4069316599421786	0.1035143314480354	0.07239676110189043	-0.1039789823460601	-0.02103859326182408	-0.9943569059216927	0.1092873854204706	0.406813173668769	-0.9132163792516487	-0.0232178296347636	0.1266345420440602	0	0	0	1
16	-0.9720987152321633	0.2341006451651302	0.01484549621870655	0.1217182779149169	-0.01095738048456752	0.01790061377569903	-0.9997792769297985	0.1157830098807948	-0.2343147498715797	-0.9720476656393676	-0.01483615637963386	0.1210467015448128	0	0	0	1	-0.8394703367587145	-0.5401412605437486	0.05944455636141704	0.1188515145606799	-0.05914553405785739	-0.01792223278582765	-0.9980871033572121	0.1182803764168682	0.540173776299896	-0.8413817300828098	-0.01690152013697344	0.1222042700507968	0	0	0	1	-0.9051497701891589	-0.4115941608065761	0.1062745720665855	0.07240822120404193	-0.1079746796708874	-0.01919379540583319	-0.993968297125035	0.109305328743878	0.4111514312000032	-0.9111651873349167	-0.02706807020582022	0.1265984142427738	0	0	0	1
17	-0.9707192482529442	0.2392971957981227	0.02098590532166463	0.1217213488229358	-0.01697480778010822	0.01881078560359409	-0.999678502760228	0.1156495726008805	-0.2396150565439377	-0.9707642426167907	-0.01419809033884824	0.1210231112234044	0	0	0	1	-0.8451147849013495	-0.5304234792557919	0.06654771063434511	0.1192698359718505	-0.0654596252182123	-0.02087026482750244	-0.9976355772190555	0.1180633654130266	0.5305585612411756	-0.8474741106294468	-0.01708332017102071	0.1220581367885177	0	0	0	1	-0.9116324766398534	-0.3992848506673806	0.09745755743168129	0.07247028764426768	-0.09696473496963573	-0.02148658165310183	-0.9950558149153307	0.1092777310075839	0.3994048134525722	-0.9165751951911072	-0.01912826403211568	0.1263645749491133	0	0	0	1
18	-0.9705584445790815	0.2404969436274133	0.01330191413011872	0.1220460830357398	-0.008597298637044755	0.02060064985998556	-0.9997503677458499	0.1155236062312401	-0.2407109687215496	-0.9704313688491524	-0.01792663227949697	0.1210864518867757	0	0	0	1	-0.8558308745961797	-0.5121321154130738	0.07260062011785884	0.1199043466699219	-0.08033294288747318	-0.007055330578355626	-0.9967417574569676	0.1181693729482641	0.5109760087067157	-0.8588759643626788	-0.03510272713101066	0.1217852278762459	0	0	0	1	-0.9171952160539401	-0.3865891011028402	0.09644657584458502	0.07249214265125448	-0.1014165399841068	-0.007572685767843007	-0.9948151892442495	0.1091532747614962	0.3853151416266261	-0.9222210553560268	-0.03226047177317418	0.1259390465113235	0	0	0	1
19	-0.9759820818702323	0.2162378551913265	0.02644944875806076	0.1230815911255274	-0.02201224954951494	0.02290308799711323	-0.9994948760702876	0.1152738572966503	-0.2167344344780135	-0.9760721524854975	-0.01759324421493749	0.1209220328785622	0	0	0	1	-0.856380232694644	-0.5111555585426683	0.07300363123035669	0.1199564007287003	-0.08145809802454353	-0.005871324702368924	-0.9966581145725742	0.1182882003987106	0.5098762834403661	-0.859466419358042	-0.03660949379272795	0.1219470571747711	0	0	0	1	-0.9167529059614389	-0.3869663242901931	0.09910254269940588	0.07261029823525512	-0.1042935803994395	-0.007616992831825681	-0.9945173457896831	0.1091965909292102	0.3855996574169271	-0.9220624701660736	-0.03337477694609017	0.1254825113366068	0	0	0	1
20	-0.9742904393530593	0.2242227858983176	0.02194748264117212	0.1233619905458501	-0.01668253225548964	0.02534853460838751	-0.9995390148327445	0.1151555022917938	-0.2246757914267901	-0.9742082951773843	-0.02095635238474017	0.1209728261073134	0	0	0	1	-0.8650817033084861	-0.4985475031885083	0.05550388306184198	0.1204709012969783	-0.05451943342313735	-0.01654909069248679	-0.9983741879337893	0.1178820866170512	0.4986558202598037	-0.8667026699789943	-0.01286399566776594	0.1216589320434323	0	0	0	1	-0.9180582957829728	-0.385197929904499	0.09376384436329141	0.07292086970819428	-0.1025256226660795	0.002220225754142185	-0.9947278510599622	0.1089875602737504	0.3829590050414336	-0.9228313925079237	-0.04153052609937427	0.124903233219876	0	0	0	1
21	-0.9737329363262327	0.2268486611758969	0.01957713831867456	0.1238866348369273	-0.01460957704209475	0.02355651973139454	-0.9996153001182588	0.1150927980971981	-0.2272225942168412	-0.9736452041765873	-0.01962371771877911	0.1210733277507915	0	0	0	1	-0.8772035181552029	-0.4762507168281809	0.06079360117937618	0.12120146285898	-0.05765352906081314	-0.02121873858385494	-0.9981097640891559	0.1173921699724427	0.4766407530015011	-0.8790517751193699	-0.008844175341372357	0.1216880177708137	0	0	0	1	-0.9310587147939937	-0.3533932542035919	0.09079104873993826	0.07290547475975757	-0.09648015697076327	-0.001523737712523177	-0.9953337052778122	0.1089179990176839	0.3518826313110416	-0.9354736980321804	-0.03267631235142843	0.1238242318272278	0	0	0	1
22	-0.9739215949078128	0.2255303614438057	0.02474254436601916	0.1245040646576502	-0.02157694598230728	0.0164906342317469	-0.9996307286264182	0.1149539847068111	-0.2258551321639288	-0.9740966704413283	-0.01119445204032595	0.1208598433302523	0	0	0	1	-0.8853234964593348	-0.4625386794417584	0.04750684065927481	0.1213565004547911	-0.04261346072849163	-0.02102970805075723	-0.998868905327809	0.1170951845037947	0.4630148471492341	-0.8863479705434741	-0.001092067642046973	0.121573422717476	0	0	0	1	-0.9412319952129155	-0.3249821875589394	0.09202742481708776	0.07323089111715904	-0.1029236470403393	0.01645961662998918	-0.9945530394388257	0.1084471426146945	0.3216973599033084	-0.9455769732777044	-0.04894022483370544	0.1225393347346222	0	0	0	1
23	-0.9736527910876953	0.2272389439064555	0.01902933517338084	0.1248738524642879	-0.015107709434077	0.0189846190307245	-0.9997051765006193	0.1147993937317034	-0.2275332456439795	-0.9736540735434519	-0.01505149006232125	0.1207548154398962	0	0	0	1	-0.9093169132557015	-0.4081121785683781	0.08114019739857904	0.1233051253031328	-0.07408244669703409	-0.03310057423499738	-0.9967012755734922	0.1164428153812396	0.4094519403512129	-0.9123298773889008	-0.0001348637437746658	0.1208959984578385	0	0	0	1	-0.9546007374028801	-0.2816227117188092	0.09708872782247252	0.0732245518520282	-0.09874041910683433	-0.00835516438221659	-0.9950781081280219	0.1082279422026716	0.2810478590664105	-0.9594889228519081	-0.01983124898778552	0.120989308350095	0	0	0	1
24	-0.9716591931406862	0.2354162549393114	0.02137786259366915	0.1252861516916927	-0.01682268692636915	0.02134102170698075	-0.9996302596904599	0.1147330977973293	-0.2357854701635694	-0.971660411881678	-0.01677598803294306	0.1205853290719461	0	0	0	1	-0.9181191370273737	-0.3880523658792031	0.08043087064236028	0.1236967365415039	-0.07363538044265502	-0.03237888975222486	-0.9967581086406192	0.1163118320058391	0.389398805943271	-0.9210667577982217	0.001153455167681436	0.1207350234217169	0	0	0	1	-0.9563229420210562	-0.2727313008232422	0.1051865576248673	0.0733616697892059	-0.107172542146281	-0.007648146794879712	-0.9942109797781734	0.1080881918923802	0.2719570077703901	-0.9620599238119685	-0.02191475680448768	0.1196405366376534	0	0	0	1
25	-0.9763136101014335	0.212989261288635	0.03803572141146302	0.1261038789227217	-0.03444189190298856	0.02055970240112654	-0.9991947524704413	0.1146484956709792	-0.2135997873672544	-0.9768383087943058	-0.01273708776032773	0.1202622962991721	0	0	0	1	-0.937153574292693	-0.3410406285150278	0.07369496969187717	0.1249487039434341	-0.07639073103715183	-0.005539467473295881	-0.9970612095681247	0.1171991462005632	0.3404467410637218	-0.9400306417820371	-0.02086092923620861	0.1204119102101228	0	0	0	1	-0.967768079981604	-0.2320054132432377	0.09797231022219632	0.07353538069271641	-0.09765280994703933	-0.01288951859712145	-0.9951370283142779	0.1078452025154169	0.2321400641412333	-0.9726291698995014	-0.01018145813716076	0.1181215648737857	0	0	0	1
26	-0.9728909092082336	0.2273689122154399	0.04226189981787823	0.1263124654697517	-0.0383722297321244	0.02150238471998764	-0.9990316901838447	0.1145706691774929	-0.2280575127371361	-0.9735713808060208	-0.01219494586152041	0.1202833935957848	0	0	0	1	-0.9465088949373186	-0.3109221284977187	0.08628314579841201	0.1256064949460624	-0.08616832726863403	-0.01413535455566382	-0.9961789552095056	0.1167218692213604	0.3109538233872203	-0.9503286932682792	-0.01341232644861615	0.1201841132522993	0	0	0	1	-0.9634059544840142	-0.2462820774904574	0.1058028803807524	0.07368980093266739	-0.1029897983851331	-0.02431222337697259	-0.9943851978379304	0.1076522254872068	0.2474716258375167	-0.9688932901536045	-0.001941547372792563	0.1171707740545496	0	0	0	1
27	-0.9748016888602085	0.2177563816311857	0.04840696466502577	0.1266797011346412	-0.04438813421585397	0.02331241601947204	-0.9987418701347578	0.1146417967978889	-0.2186109313062998	-0.9757248064046795	-0.01305930641407607	0.1201929221777162	0	0	0	1	-0.9558050512120572	-0.2793188741255124	0.0917282809804349	0.1262039040002899	-0.09361811998218236	-0.006599077438734807	-0.995584956943806	0.1170842115255456	0.2786910489904323	-0.9601741624419892	-0.01984183780577407	0.1201447699589316	0	0	0	1	-0.9710784478718504	-0.2190950015590816	0.09489030336774879	0.0735993477367413	-0.0909655364342114	-0.02795507897693836	-0.9954615446752182	0.1077098299395778	0.2207533840315089	-0.9753030541603177	0.007216937151604791	0.1159571331113424	0	0	0	1
28	-0.9730764969545005	0.2244061933596587	0.05256807333105712	0.1268636940817941	-0.04821890258415963	0.0248210636502017	-0.9985278916534217	0.1145908529473211	-0.2253806709964816	-0.9741796464186269	-0.01333229645652805	0.120124728545321	0	0	0	1	-0.9599776716303174	-0.2702606104307711	0.07347445253041215	0.1260247612117326	-0.0736695927822329	-0.009438654643729352	-0.9972366748508502	0.1168074006740155	0.2702073466236686	-0.9627393820422351	-0.01084904187990965	0.1201508395595208	0	0	0	1	-0.9742999977447354	-0.2003875877781801	0.1028808692555823	0.07370795219244497	-0.1009743718351566	-0.01973884002255041	-0.9946931504362547	0.1075549754164468	0.2013549798947939	-0.9795179153350033	-0.001001997334866306	0.1147202651051321	0	0	0	1
29	-0.9746483076087733	0.2152387516051968	0.06109307864446716	0.1271400750654952	-0.05654197936965028	0.02724441904088434	-0.9980279776603704	0.1144980422239731	-0.2164787735432819	-0.9761814532932809	-0.01438382498724365	0.1200798189780266	0	0	0	1	-0.9639907191285839	-0.2535879088174698	0.08007163842544923	0.1257654051263851	-0.07985639588480929	-0.01116227924531875	-0.9967425196930427	0.1165149833492195	0.2536556693021336	-0.967246390280467	-0.009490242766372059	0.1201325000603978	0	0	0	1	-0.9784909621564076	-0.174378187198438	0.1102172017767415	0.07366795742027098	-0.107572244247708	-0.02457617898895426	-0.9938934185482381	0.1069017271341123	0.1760221194823762	-0.9843720906541966	0.005289780831609164	0.113393280726833	0	0	0	1
30	-0.9725179215458785	0.2253717485171831	0.05844551790218348	0.1270509962946461	-0.05511842908573873	0.02103205438001987	-0.9982578377768919	0.1143748853483487	-0.2262083760555565	-0.9740459106089837	-0.00803203750746952	0.1200415539656724	0	0	0	1	-0.9671710358690799	-0.245416184274649	0.06593555252929663	0.125108739265763	-0.06551897840932032	-0.009873674268240068	-0.9978011057193985	0.11630547829149	0.2455275950743606	-0.9693659837953247	-0.006529846073091497	0.120186334011018	0	0	0	1	-0.9793817069464588	-0.1664779000827216	0.1144409405383226	0.07377763256874409	-0.111280193504265	-0.02822216254117041	-0.9933882060503562	0.1069288914534995	0.1686070221954679	-0.9856412998290865	0.009115042018757014	0.1122519804136314	0	0	0	1
31	-0.9733844932258434	0.2201373921035718	0.06373042112156958	0.1272059714697191	-0.05928781595414659	0.02673612516312166	-0.9978823741774926	0.1144074175425677	-0.2213751602536795	-0.9751025159050309	-0.01297318780906644	0.1199504145946756	0	0	0	1	-0.9693008441426061	-0.234535237988502	0.07379356706348093	0.1249246728529372	-0.07301026748503441	-0.01203612674878483	-0.9972571960850054	0.116158858900127	0.2347801599051	-0.9720315618751921	-0.00545681854718931	0.1201040504457485	0	0	0	1	-0.9825571433276046	-0.142029126403943	0.1200388978355523	0.07386834506401066	-0.1184793558000469	-0.01941683855861154	-0.9927666071733126	0.1067322877416193	0.143332618919881	-0.9896721008680329	0.002251104231266288	0.1110536673433331	0	0	0	1
32	-0.973417214724516	0.2166367113362678	0.07434292134305867	0.1274067038376144	-0.07061451872719479	0.02491169072713229	-0.997192106105017	0.1143696490265929	-0.217880458447699	-0.9759345015326299	-0.008951895910459459	0.1198444356970925	0	0	0	1	-0.9771032205836556	-0.1927651672866228	0.09004016019374111	0.1255209996195705	-0.09089280101942425	-0.004437625731705003	-0.9958494409110321	0.116318281895999	0.1923646125116585	-0.981233357181556	-0.01318495890802965	0.119754086172634	0	0	0	1	-0.9820596963903682	-0.1447777796668318	0.1208234126420166	0.07380211742660107	-0.1188436015976927	-0.02227760549012966	-0.9926629899063123	0.1066654916358808	0.1464072688983565	-0.9892134534121505	0.004672495055341869	0.1100252566050025	0	0	0	1
33	-0.9736901302421883	0.2135904265610786	0.07941075208574391	0.1272319453989941	-0.07674411052365522	0.02076109912983028	-0.9968341980990407	0.114479054732033	-0.2145629281105438	-0.9767027770819527	-0.003823195756212202	0.1196590864011935	0	0	0	1	-0.9855852610810217	-0.1319172161876138	0.1059047912388854	0.1270588933060955	-0.1065520402137824	-0.002167881980528058	-0.9943034164759178	0.1164269322009304	0.1313952242853737	-0.9912568546285015	-0.01191946848235757	0.1196231912708144	0	0	0	1	-0.9887265600862027	-0.101008735907567	0.1105313209333823	0.07379147127897664	-0.1086019828386681	-0.02442003152407568	-0.9937852761903162	0.1064453574836261	0.1030802406135291	-0.994585869060054	0.01317545833370884	0.1084006289673179	0	0	0	1
34	-0.9711373620747603	0.2255465833360031	0.07759107135906081	0.1269743702234687	-0.07418950621766335	0.02353155549244305	-0.9969660388336888	0.1144760006921056	-0.2266881547415802	-0.9739482598971992	-0.006119307966442087	0.1196382474841683	0	0	0	1	-0.9850333554400449	-0.1460907454635094	0.09144994932127509	0.1251820496157631	-0.09240212502933381	-0.0002739672641043633	-0.9957203802507345	0.1163083812243179	0.1454904981758564	-0.98926964095681	-0.01322927338915798	0.1195603648937374	0	0	0	1	-0.9884182248381559	-0.0833264712400377	0.1268316345095091	0.07370667515552592	-0.1249381676281031	-0.0275779641096531	-0.9917811297565101	0.1062920348192555	0.0861394472866501	-0.9961407072745668	0.01684838059849283	0.1073684202355427	0	0	0	1
35	-0.9722180506470867	0.2198229804366013	0.08043213876917625	0.1268894296169422	-0.07756854979292568	0.0216416156247407	-0.996751654448961	0.1145301392272211	-0.220849633075286	-0.9752998031684109	-0.003989145102203794	0.1196655712846472	0	0	0	1	-0.9860574113579703	-0.1382037530491558	0.09266503129561468	0.1246301882968675	-0.09321076557069048	-0.002537078664997194	-0.9956418138378358	0.1161755056960225	0.1378364385299234	-0.990399055614421	-0.01038041736265914	0.1193122775597229	0	0	0	1	-0.9878873460565509	-0.07279295005991243	0.1370398888656537	0.07361384292539241	-0.1345750759998049	-0.03777153801573349	-0.9901831892724452	0.106116847145548	0.07725462913198011	-0.9966316525882195	0.02751838156910671	0.1065172110429975	0	0	0	1
36	-0.9710253108099344	0.2201375028249912	0.09299857751448072	0.1267438491906995	-0.09081245505263869	0.02005247450711734	-0.9956656554420094	0.1146794788117401	-0.2210482348363593	-0.9752628294113024	0.0005196401528452209	0.1194704434560352	0	0	0	1	-0.9887964237494704	-0.08421047639025163	0.1232333656056481	0.1259770384672875	-0.1227158034833324	-0.01132238051175907	-0.9923759257207971	0.1155565636944345	0.08496359840877266	-0.9963821570324487	0.0008615121774100259	0.119182737315902	0	0	0	1	-0.9894959618613166	-0.04412081424123264	0.1376635334659874	0.07362628092468949	-0.1370879393348645	-0.01582906491066133	-0.9904323536200071	0.1060104410037122	0.04587783397673783	-0.9989008699855904	0.009614844701662212	0.1052790232246167	0	0	0	1
37	-0.97002707738711	0.2259538134813194	0.08939661700890504	0.1263486342939438	-0.08794564499408981	0.01650034891806685	-0.995988154439487	0.1147559225707713	-0.2265224293814688	-0.9739983680551276	0.00386574132078376	0.1194163968414942	0	0	0	1	-0.9867716566924043	-0.07951415863567018	0.1412636083815374	0.1250298710115391	-0.1405301395890602	-0.01478219283940323	-0.9899647118234299	0.1159233079891747	0.08080424812147162	-0.9967226238218342	0.003412454148760846	0.119388197261173	0	0	0	1	-0.9914819114148447	-0.0142077719758406	0.129467798703806	0.07376480038454161	-0.129506547791523	0.001842852804788131	-0.9915768177090015	0.1060671689553205	0.01384957463668154	-0.9998974430971643	-0.003666669214072854	0.1042981334482794	0	0	0	1
38	-0.97082164387716	0.2209762556245958	0.09313560179051232	0.1261174769715372	-0.09128625716381751	0.0185895920858159	-0.9956507157729515	0.1149824465401674	-0.2217465521336408	-0.9751021125151135	0.002124789942548149	0.1192962015953043	0	0	0	1	-0.9904458377927605	-0.06648382443873517	0.1208021973796796	0.1242549184396056	-0.1202323091609389	-0.01253164313075407	-0.9926653463778855	0.1157016386038864	0.06750987580861149	-0.9977073030179766	0.004418343654575538	0.1194279582228189	0	0	0	1	-0.9899275321946535	0.004948004859090763	0.1414890515448695	0.07346043549569309	-0.141553486896187	-0.0169742381159817	-0.9897850239319846	0.1061377527431193	-0.002495726720484294	-0.9998437608404229	0.01750415593906043	0.1031007813007904	0	0	0	1
39	-0.9716212174067599	0.2179554240070046	0.0919078456542699	0.1257358433313421	-0.08993974595437018	0.01895515907276109	-0.9957663608416544	0.1150475518000529	-0.2187748393512303	-0.9757747400940823	0.001185493876143782	0.119165514740718	0	0	0	1	-0.9860893969743947	-0.0137265272866469	0.1656364530735124	0.1249566264806185	-0.1653812596420347	-0.01805399736508995	-0.9860631238961007	0.1155826512874386	0.0165254117273287	-0.9997412860909325	0.0155326642088745	0.1193984249510994	0	0	0	1	-0.9890761775587122	0.0164315491551669	0.1464871083319535	0.07332628646906937	-0.1464865766330635	0.001239509582956683	-0.9892118437868144	0.1058192861135928	-0.01643578880069436	-0.9998643014987481	0.001181518801578435	0.1024369017874254	0	0	0	1
40	-0.9689520013252741	0.2235035303327327	0.1057241787192784	0.1254920417324208	-0.1035616932116987	0.021409014431332	-0.9943921416867099	0.1152334555946675	-0.2245136369518769	-0.9744680776429289	0.002401969655038614	0.1189877330993302	0	0	0	1	-0.9837946070251491	0.05587481690057169	0.1703593096045869	0.1263274759760843	-0.1716418892175917	-0.01897337545876773	-0.984975366170353	0.115132615943404	-0.05180330252906223	-0.9982559888861122	0.0282562598474054	0.1192398865342058	0	0	0	1	-0.9897767082784765	0.04324238882391753	0.1359129007474436	0.07331993197461049	-0.1360005896983271	0.000920399184478754	-0.9907082912936442	0.1060209423529044	-0.04296562175111291	-0.9990642633371322	0.004970488375190596	0.1011936289319787	0	0	0	1
41	-0.9680314360895461	0.2294347261216015	0.1013620157671511	0.1246992788822798	-0.09906829563097687	0.02152470475233199	-0.9948473557395711	0.1154220092648854	-0.2304343505071925	-0.9730861225246467	0.001892989692162853	0.1187349270791727	0	0	0	1	-0.9842838995851211	0.06721445980791391	0.1632897524531765	0.1249887722110092	-0.1626687052360093	0.0146572795442443	-0.9865705425224368	0.116935027295292	-0.06870550526134434	-0.9976293821034211	-0.003493411327229134	0.1191186909656053	0	0	0	1	-0.9877700227576276	0.06305761474011747	0.1425982908461095	0.07289535465317426	-0.1433422049423604	-0.007412311886881795	-0.9896453845210379	0.1063353894888106	-0.06134763014971971	-0.9979824389532127	0.0163609634869164	0.1002880920235151	0	0	0	1
42	-0.9710041560348188	0.218504898992731	0.0969842632151568	0.1246530433129425	-0.09618141220818464	0.01433389672364804	-0.9952601559890945	0.1155137933111065	-0.2188594143719566	-0.975730678433405	0.007097708189836308	0.1185541130229102	0	0	0	1	-0.9927143576635326	0.03195115147559791	0.1161615875978404	0.1223389430868086	-0.1155487276505262	0.02042647287857056	-0.9930904165924853	0.116828559328345	-0.0341034415549793	-0.9992791835178425	-0.01658591543598495	0.1186498156514961	0	0	0	1	-0.9876329249469077	0.0716777559959839	0.1394405176038432	0.0728903517558938	-0.137838100678538	0.02686014243303056	-0.9900904717047334	0.1065156386203611	-0.07471278915606025	-0.9970661892006377	-0.01664754252481462	0.09968725423009217	0	0	0	1
43	-0.9674950946749643	0.2329815469814401	0.09834762270341101	0.1245363249384573	-0.09753587262290089	0.01503131408066614	-0.9951180411498299	0.1155395826352743	-0.2333224671609195	-0.9723650891914848	0.008181207678826222	0.1183690466130957	0	0	0	1	-0.9897439161612904	0.04435655890178875	0.1357778902739258	0.1225086965784188	-0.1349891721353225	0.02034458075783024	-0.9906368499049405	0.1170396652989325	-0.04670388556428728	-0.9988070870809546	-0.01414845133271371	0.1185093579720421	0	0	0	1	-0.9877492219034212	0.07709694424248792	0.1356749382186717	0.07286797300974213	-0.1346724482514375	0.01808068577927169	-0.9907251705053804	0.1065280529954151	-0.07883491366443168	-0.9968597211210042	-0.007475857722642948	0.09931108086108677	0	0	0	1
44	-0.9684292937612087	0.2281729026975046	0.1004053885919116	0.124585422139715	-0.09914839136946765	0.01699516800920409	-0.9949270642031205	0.1156132822514552	-0.2287218350409526	-0.9734723925485277	0.006164229898220335	0.1184665191592771	0	0	0	1	-0.9858293496122734	0.05441286286205585	0.1586690416865782	0.1231529444231493	-0.1583252840092165	0.01060964446597252	-0.9873286765146398	0.1167069694213214	-0.05540710230026734	-0.998460654851468	-0.001844530848002915	0.1184183732768559	0	0	0	1	-0.9898217420574132	0.06145084030436143	0.1283622452848702	0.07289261934041823	-0.1277554328640009	0.01371994166273324	-0.9917107702686639	0.1066391709549539	-0.06270251689914932	-0.9980158871630668	-0.005729127403465067	0.09928298505624632	0	0	0	1
45	-0.968074225659707	0.2299921125675355	0.09967615073631887	0.1245502669174361	-0.09923524831317118	0.0135129683070379	-0.994971792719655	0.1157525926597519	-0.2301826176236364	-0.973098780268209	0.009741639440966589	0.1183932748367407	0	0	0	1	-0.9882934562902081	0.04649671746117776	0.1452936600685933	0.1227990958031919	-0.1444747191626498	0.02054426088603983	-0.9892938624348978	0.1171883093260935	-0.04898416964384569	-0.9987056583883678	-0.01358634036264875	0.1184484943877394	0	0	0	1	-0.9878029991489208	0.07729029885218053	0.135172473581215	0.07292599360160969	-0.1339863828535636	0.02035478708401681	-0.9907740797731848	0.1063100989981649	-0.07932856599954627	-0.996800905873048	-0.009750180397269881	0.09922736637968214	0	0	0	1
46	-0.9681551352273401	0.2286532864593019	0.1019446981889569	0.124637436611103	-0.1000592628949608	0.01985521003930807	-0.9947828990795293	0.1155385340519121	-0.2294845449966844	-0.9733055293898603	0.003655828560112992	0.1184117078585756	0	0	0	1	-0.9902069886277359	0.04808199598625698	0.131051152617841	0.1230669183421709	-0.1300144607819968	0.02411530070887716	-0.991217449619519	0.1169075133993807	-0.05082035772431008	-0.9985507385309267	-0.01762797547218203	0.1184196282140257	0	0	0	1	-0.9892490400484458	0.0648524970637326	0.1310749530594618	0.0729148399062738	-0.1300940736244908	0.01914127897228327	-0.9913168453558802	0.10647317368894	-0.06679824902153254	-0.997711340352072	-0.01049807488880089	0.09931819601293863	0	0	0	1
47	-0.966588137222719	0.2361793363601891	0.09962986289215742	0.1245698349825561	-0.09793440930745091	0.01892931388266017	-0.9950123790064711	0.1155188934003594	-0.2368873209025802	-0.9715251980610761	0.004833106283130946	0.1184576293386415	0	0	0	1	-0.98704775793833	0.03766678176878244	0.1559297183512506	0.1227472186806068	-0.1551898504485863	0.02185962187101773	-0.9876414510410378	0.1172050545646351	-0.04061013377878522	-0.9990497354835748	-0.01573116881828281	0.1184076427292764	0	0	0	1	-0.986950592871692	0.08582762556245177	0.1362435281644647	0.07309483617897426	-0.1347372711506342	0.02313180403930051	-0.9906112937911273	0.1066373231154986	-0.08817330828785439	-0.9960415111507267	-0.01126527536335603	0.09932951725663693	0	0	0	1
48	-0.969726548576223	0.2204074132833253	0.1051208970163446	0.1249123799954119	-0.1032460984726303	0.02004181218772091	-0.9944534533281842	0.1154753066054893	-0.2212917587419683	-0.9752020848261176	0.003321000827974475	0.1183729164772017	0	0	0	1	-0.9906316178995316	0.03552570173511435	0.1318449440474372	0.1230872043130455	-0.1313870151556058	0.01495726717119972	-0.9912169676770024	0.1166786995307796	-0.03718600496324302	-0.9992553268119007	-0.01014969311224422	0.1182701858122092	0	0	0	1	-0.9892385921316996	0.06396369055543381	0.1315895401146498	0.07307622813581108	-0.1302620274707318	0.02451719435161795	-0.9911764026280186	0.1066520806679763	-0.06662544062019976	-0.99765109485976	-0.01592082246743284	0.09945231824965489	0	0	0	1
49	-0.9686764653327202	0.2256383966570681	0.103694894486759	0.1249158968395287	-0.1025321158955381	0.01689879443109295	-0.9945856918963388	0.1153342743728498	-0.2261690718709752	-0.9740646554598027	0.006765589762346225	0.1183252747349016	0	0	0	1	-0.9916341760058199	0.02829367091082949	0.1259257950008195	0.1230029862120479	-0.1253070403915605	0.02269754254774858	-0.9918569969905426	0.1167830262137468	-0.03092176748563422	-0.9993404291009367	-0.01896244251805408	0.1181279296773794	0	0	0	1	-0.9893670884932408	0.05009989484922031	0.1365390706000171	0.07305724242717088	-0.1367463236589022	-0.0007172588043849182	-0.9906058009146831	0.106404050880288	-0.0495312474455373	-0.9987440311106388	0.007561096223919705	0.09959280547697949	0	0	0	1
50	-0.9689895197221927	0.224876423553171	0.1024173628563485	0.1250562448845575	-0.1013384433110748	0.01636632554452517	-0.9947169275257161	0.1152613024668614	-0.2253646132966077	-0.9742499401248768	0.006929700694947444	0.1183648930683885	0	0	0	1	-0.99131043826877	0.0191413148408261	0.1301284007991304	0.1231767250420195	-0.1296882280581509	0.02270930233010278	-0.9912933931683436	0.1170062701275636	-0.02193006113501909	-0.9995573526020435	-0.02002974084178616	0.1180526521930407	0	0	0	1	-0.9884272929848555	0.05029652244819691	0.1431149873218958	0.07320290249897787	-0.143403153356216	-0.002150152692634855	-0.9896619800645966	0.1062957007075303	-0.04946877188138967	-0.9987320913419379	0.009338436738578093	0.09972290805816202	0	0	0	1
51	-0.9688252927566525	0.2263731020025366	0.1006587440810228	0.1250845531474976	-0.09981087146230913	0.01521843594537186	-0.9948895878028138	0.1151615852422386	-0.2267481431090635	-0.973921878906284	0.007850362663564651	0.11842799193217	0	0	0	1	-0.9909396060724576	0.01583199978491262	0.133357483038725	0.1236474274707487	-0.1329837755327526	0.02272417802598467	-0.990856332233618	0.1167933957679253	-0.01871795023196419	-0.9996149073532343	-0.020413063024791	0.1184151271332992	0	0	0	1	-0.9895004908700217	0.04017832043719326	0.1388331167179032	0.07334988292193792	-0.139420132009012	-0.01218435476792029	-0.9901583111537841	0.1062514480513256	-0.03809124124919955	-0.9991183101459807	0.01765857688840869	0.100055239572652	0	0	0	1
52	-0.9693966009096676	0.2219633510998756	0.1048899961364344	0.1256250278897534	-0.1027461030646115	0.02121691785928986	-0.9944808607196888	0.1151692853122026	-0.2229637791218702	-0.9748242515860417	0.002238134289344204	0.1185568230633266	0	0	0	1	-0.9934684462170015	-0.006526540896233196	0.113903714568723	0.1238761387829077	-0.1140209005506498	0.02175917252206466	-0.9932386899670174	0.1169022536245091	0.004003711735996576	-0.9997404393951693	-0.02236137544934076	0.1185544534029612	0	0	0	1	-0.9885884036136523	0.02649014373974671	0.1482949569381305	0.07350961717476966	-0.1486495038128057	-0.01194868897828569	-0.9888177112971195	0.106129251571022	-0.02442192781387263	-0.9995777382072752	0.01575056678628886	0.1005114653086817	0	0	0	1
